1 0.046094 0.938889 0.005729 0.012963
0 0.089063 0.328241 0.010417 0.015741
2 0.287500 0.409259 0.159375 0.157407
0 0.359375 0.982407 0.032292 0.018519
1 0.402604 0.788889 0.008333 0.009259
0 0.438021 0.180556 0.054167 0.025926
0 0.556250 0.819444 0.034375 0.014815
0 0.606771 0.405556 0.022917 0.020370
2 0.694271 0.834259 0.183333 0.240741
1 0.651823 0.747222 0.013021 0.003704
2 0.729688 0.760185 0.060417 0.033333
0 0.853646 0.838889 0.018750 0.046296
1 0.921354 0.251852 0.006250 0.009259
2 0.963542 0.494444 0.028125 0.068519
0 0.962500 0.864352 0.007292 0.010185
