2 0.089683 0.716797 0.088889 0.173828
2 0.165079 0.398438 0.093651 0.107422
2 0.210317 0.863281 0.136508 0.056641
1 0.151587 0.798828 0.009524 0.013672
0 0.162698 0.882812 0.012698 0.052734
0 0.207937 0.848145 0.085714 0.051758
1 0.184524 0.513672 0.021429 0.056641
2 0.288095 0.615234 0.063492 0.154297
2 0.584127 0.527344 0.141270 0.294922
2 0.659524 0.352539 0.190476 0.226562
0 0.586508 0.603516 0.041270 0.099609
0 0.735714 0.142578 0.047619 0.087891
0 0.762698 0.690430 0.063492 0.070312
0 0.884921 0.681641 0.025397 0.044922
1 0.916667 0.363281 0.031746 0.025391
