0 0.110317 0.136719 0.038095 0.029297
1 0.167063 0.391602 0.024603 0.015625
0 0.249603 0.871582 0.032540 0.040039
0 0.253968 0.524414 0.030159 0.074219
0 0.291270 0.132812 0.047619 0.060547
2 0.308730 0.037109 0.050794 0.060547
2 0.431746 0.666992 0.023810 0.093750
2 0.534127 0.453125 0.215873 0.083984
0 0.537302 0.714844 0.047619 0.037109
2 0.596825 0.883789 0.093651 0.109375
2 0.655556 0.784180 0.122222 0.089844
1 0.699206 0.251953 0.028571 0.013672
2 0.782540 0.108398 0.119048 0.085938
2 0.877778 0.427734 0.039683 0.048828
1 0.903968 0.698242 0.006349 0.031250
