2 0.064286 0.821289 0.107937 0.042969
1 0.161111 0.352539 0.015873 0.023438
2 0.283333 0.500000 0.066667 0.056641
2 0.374603 0.481445 0.185714 0.187500
1 0.368254 0.069336 0.014286 0.023438
1 0.477778 0.453125 0.011111 0.013672
2 0.557143 0.135742 0.106349 0.109375
0 0.618254 0.265625 0.060317 0.044922
2 0.660317 0.774414 0.144444 0.167969
0 0.680159 0.422852 0.025397 0.035156
1 0.674603 0.554688 0.007937 0.017578
2 0.800000 0.849609 0.122222 0.095703
2 0.900000 0.197266 0.061905 0.048828
1 0.901984 0.401855 0.062698 0.049805
2 0.910317 0.338867 0.073016 0.035156
