2 0.030159 0.347656 0.039683 0.068359
2 0.188095 0.692383 0.203175 0.289062
0 0.306746 0.260742 0.018254 0.085938
0 0.438492 0.166992 0.023016 0.027344
0 0.555556 0.333984 0.080952 0.025391
2 0.541270 0.908203 0.052381 0.072266
0 0.553968 0.419922 0.055556 0.060547
2 0.559524 0.810547 0.060317 0.048828
1 0.604762 0.744141 0.020635 0.029297
1 0.610317 0.780273 0.012698 0.023438
2 0.724603 0.391602 0.066667 0.035156
0 0.725397 0.483398 0.023810 0.113281
0 0.768254 0.393555 0.042857 0.203125
2 0.773016 0.323242 0.046032 0.066406
2 0.831349 0.875000 0.099206 0.076172
