2 0.114286 0.104492 0.049206 0.175781
2 0.177778 0.810547 0.160317 0.294922
2 0.148810 0.261719 0.043651 0.060547
2 0.207937 0.171875 0.049206 0.123047
1 0.306349 0.773438 0.020635 0.033203
2 0.365079 0.487305 0.096825 0.250000
0 0.456349 0.448242 0.063492 0.113281
1 0.550000 0.390625 0.022222 0.013672
2 0.635714 0.728516 0.066667 0.037109
0 0.652381 0.835938 0.020635 0.025391
2 0.783333 0.742188 0.111111 0.048828
0 0.750794 0.947266 0.036508 0.064453
1 0.841270 0.314453 0.141270 0.099609
1 0.894444 0.388672 0.025397 0.021484
