1 0.073810 0.051758 0.009524 0.015625
1 0.165079 0.250000 0.049206 0.013672
1 0.203571 0.870117 0.015079 0.011719
2 0.280159 0.868164 0.063492 0.117188
2 0.384921 0.199219 0.085714 0.111328
0 0.387302 0.336914 0.058730 0.089844
1 0.398016 0.079102 0.034127 0.054688
2 0.417460 0.957031 0.026984 0.068359
0 0.479365 0.830078 0.023810 0.037109
2 0.523810 0.807617 0.068254 0.023438
2 0.512302 0.906250 0.015079 0.052734
0 0.564286 0.716797 0.028571 0.025391
2 0.609524 0.578125 0.109524 0.095703
2 0.613492 0.749512 0.101587 0.116211
2 0.630159 0.459961 0.061905 0.093750
0 0.689683 0.482422 0.031746 0.099609
