2 0.024479 0.768519 0.043750 0.075926
0 0.036458 0.396296 0.032292 0.020370
2 0.069531 0.243519 0.049479 0.133333
1 0.163281 0.175000 0.008854 0.025926
0 0.180208 0.545833 0.009375 0.013889
2 0.259896 0.829630 0.056250 0.109259
2 0.320573 0.870370 0.051562 0.138889
1 0.330729 0.595370 0.006250 0.025926
2 0.505729 0.130556 0.183333 0.240741
1 0.431250 0.466667 0.009375 0.009259
1 0.456510 0.532407 0.011979 0.014815
0 0.635417 0.885185 0.032292 0.009259
2 0.791146 0.379630 0.033333 0.079630
1 0.828906 0.816667 0.006771 0.012963
0 0.919792 0.950926 0.065625 0.011111
