0 0.043651 0.362305 0.019048 0.046875
0 0.119048 0.163086 0.071429 0.035156
2 0.194048 0.215820 0.029365 0.035156
2 0.250794 0.166992 0.052381 0.085938
0 0.251587 0.718750 0.034921 0.072266
1 0.248413 0.848633 0.028571 0.042969
2 0.394444 0.232422 0.165079 0.189453
0 0.463095 0.116211 0.023016 0.046875
2 0.657937 0.453125 0.292063 0.294922
2 0.606349 0.208008 0.125397 0.054688
1 0.723810 0.111328 0.068254 0.025391
0 0.818651 0.207031 0.034127 0.041016
0 0.835714 0.901367 0.044444 0.093750
0 0.908730 0.420898 0.022222 0.074219
2 0.933333 0.163086 0.080952 0.105469
