2 0.055952 0.729492 0.045238 0.074219
0 0.154762 0.487305 0.111111 0.031250
0 0.136111 0.166992 0.035714 0.132812
0 0.184127 0.611328 0.014286 0.064453
0 0.200397 0.363281 0.037302 0.044922
2 0.307143 0.296875 0.180952 0.255859
1 0.298413 0.889648 0.026984 0.035156
2 0.415079 0.118164 0.063492 0.039062
0 0.488095 0.677734 0.101587 0.056641
0 0.557937 0.402344 0.019048 0.017578
2 0.597619 0.093750 0.047619 0.044922
2 0.696032 0.788086 0.171429 0.109375
0 0.651587 0.071289 0.015873 0.050781
0 0.705159 0.055664 0.080159 0.058594
2 0.780952 0.196289 0.084127 0.113281
2 0.865873 0.748047 0.107937 0.107422
2 0.837302 0.188477 0.038095 0.089844
