2 0.082812 0.630556 0.095833 0.329630
2 0.040104 0.650000 0.008333 0.020370
0 0.110417 0.898148 0.026042 0.024074
2 0.366667 0.487963 0.103125 0.085185
1 0.466667 0.032407 0.005208 0.011111
2 0.541146 0.688889 0.131250 0.038889
2 0.594792 0.770370 0.101042 0.150000
2 0.596354 0.053704 0.058333 0.061111
2 0.668490 0.724074 0.041146 0.087037
0 0.736719 0.038889 0.009896 0.005556
0 0.746354 0.025000 0.016667 0.048148
2 0.792448 0.505556 0.039062 0.083333
0 0.852083 0.488889 0.021875 0.012963
2 0.956771 0.694444 0.041667 0.112963
1 0.983854 0.157407 0.006250 0.009259
