2 0.098413 0.554688 0.014286 0.056641
2 0.124603 0.489258 0.057143 0.113281
1 0.135714 0.224609 0.012698 0.025391
1 0.208333 0.052246 0.015079 0.010742
2 0.415873 0.360352 0.207937 0.171875
2 0.350794 0.655273 0.055556 0.164062
2 0.416667 0.527344 0.060317 0.169922
0 0.442857 0.561523 0.046032 0.054688
0 0.523016 0.183594 0.123810 0.103516
1 0.557143 0.834961 0.017460 0.011719
1 0.658730 0.961914 0.026984 0.027344
0 0.681746 0.439941 0.031746 0.024414
1 0.730952 0.811523 0.085714 0.027344
0 0.723016 0.022461 0.031746 0.031250
2 0.766667 0.714844 0.052381 0.037109
0 0.798413 0.792969 0.039683 0.095703
1 0.807937 0.330078 0.026984 0.029297
