0 0.094444 0.319336 0.022222 0.035156
0 0.125397 0.492188 0.052381 0.037109
2 0.159524 0.633789 0.053968 0.156250
1 0.221825 0.375000 0.010317 0.009766
2 0.299206 0.894531 0.130159 0.115234
0 0.318254 0.551758 0.015873 0.019531
2 0.374603 0.619141 0.077778 0.044922
1 0.415873 0.912598 0.033333 0.012695
2 0.545238 0.558594 0.047619 0.064453
2 0.572619 0.812500 0.023016 0.072266
0 0.680159 0.610352 0.088889 0.101562
1 0.758730 0.219727 0.049206 0.117188
0 0.731746 0.396484 0.023810 0.025391
1 0.745238 0.956055 0.022222 0.023438
1 0.825397 0.841797 0.014286 0.017578
