2 0.197619 0.229492 0.168254 0.234375
0 0.307937 0.941406 0.058730 0.037109
2 0.510317 0.401367 0.320635 0.261719
0 0.378571 0.153320 0.009524 0.035156
2 0.517460 0.575195 0.122222 0.253906
0 0.524603 0.223633 0.053968 0.019531
2 0.619048 0.672852 0.160317 0.187500
2 0.724603 0.641602 0.352381 0.277344
0 0.607143 0.644531 0.038095 0.080078
0 0.620635 0.155273 0.023810 0.085938
1 0.646032 0.822266 0.014286 0.068359
0 0.656349 0.797852 0.031746 0.062500
0 0.659127 0.277344 0.015079 0.025391
0 0.851587 0.519531 0.031746 0.076172
