0 0.106250 0.074537 0.019792 0.004630
2 0.110937 0.355556 0.037500 0.079630
0 0.175781 0.337037 0.018229 0.101852
2 0.250000 0.231481 0.080208 0.275926
2 0.600521 0.379630 0.691667 0.416667
2 0.422396 0.854630 0.054167 0.107407
0 0.506771 0.813889 0.016667 0.040741
0 0.582292 0.651852 0.038542 0.012963
2 0.655469 0.663889 0.031771 0.096296
2 0.682292 0.692593 0.071875 0.105556
0 0.710938 0.095833 0.018750 0.006481
0 0.776563 0.662963 0.020833 0.009259
0 0.805208 0.500926 0.040625 0.025926
2 0.883333 0.068519 0.030208 0.038889
