0 0.009896 0.041667 0.006250 0.025926
0 0.036979 0.175000 0.022917 0.048148
0 0.046875 0.712037 0.028125 0.007407
2 0.134375 0.427778 0.065625 0.050000
0 0.218750 0.630556 0.019792 0.048148
1 0.224479 0.269444 0.006250 0.025926
2 0.332292 0.616667 0.201042 0.194444
0 0.331250 0.693519 0.019792 0.055556
0 0.359375 0.137963 0.021875 0.011111
1 0.404167 0.907407 0.007292 0.005556
2 0.478125 0.443519 0.028125 0.059259
2 0.510938 0.513889 0.056250 0.088889
2 0.667188 0.441667 0.139583 0.040741
2 0.639062 0.796296 0.039583 0.057407
2 0.777604 0.336111 0.064583 0.225926
1 0.843750 0.589815 0.009375 0.007407
