1 0.214323 0.162963 0.008854 0.005556
0 0.328646 0.941667 0.037500 0.018519
0 0.332292 0.498148 0.017708 0.035185
0 0.393229 0.833333 0.031250 0.012963
0 0.425260 0.230556 0.025521 0.014815
1 0.510938 0.581481 0.010417 0.016667
2 0.663542 0.782407 0.201042 0.196296
0 0.605729 0.160185 0.029167 0.025926
0 0.620313 0.228704 0.029167 0.018519
0 0.690104 0.028704 0.047917 0.022222
2 0.757812 0.231481 0.162500 0.212963
1 0.695833 0.517593 0.007292 0.011111
2 0.753125 0.304630 0.080208 0.133333
0 0.723958 0.359259 0.007292 0.035185
