1 0.026984 0.022461 0.007937 0.015625
2 0.053175 0.125977 0.038095 0.066406
2 0.101587 0.590820 0.106349 0.167969
2 0.153175 0.899414 0.158730 0.101562
0 0.268254 0.851562 0.061905 0.025391
1 0.327778 0.354492 0.012698 0.007812
0 0.352381 0.931641 0.049206 0.041016
2 0.394444 0.250000 0.044444 0.080078
0 0.438095 0.204102 0.061905 0.046875
1 0.428571 0.178711 0.020635 0.031250
1 0.440476 0.784180 0.019048 0.011719
2 0.719048 0.688477 0.220635 0.191406
0 0.675397 0.384766 0.038095 0.056641
1 0.780952 0.392090 0.061905 0.057617
