1 0.096032 0.413086 0.034921 0.023438
0 0.126984 0.371094 0.036508 0.048828
1 0.148413 0.164062 0.009524 0.017578
1 0.205952 0.919922 0.016667 0.033203
2 0.361111 0.257812 0.190476 0.169922
1 0.356349 0.414062 0.012698 0.017578
2 0.403968 0.864258 0.095238 0.117188
0 0.501587 0.306641 0.049206 0.060547
0 0.519841 0.242188 0.025397 0.009766
0 0.569048 0.590820 0.012698 0.148438
0 0.627778 0.212891 0.025397 0.033203
2 0.666667 0.795898 0.071429 0.066406
0 0.738095 0.641113 0.036508 0.020508
0 0.863492 0.306641 0.026984 0.037109
1 0.961905 0.336914 0.061905 0.015625
