0 0.126042 0.475463 0.009375 0.013889
0 0.183854 0.643519 0.029167 0.037037
0 0.263542 0.349074 0.042708 0.011111
0 0.266146 0.674074 0.018750 0.035185
0 0.300000 0.501852 0.030208 0.016667
0 0.374479 0.474074 0.033333 0.009259
0 0.369792 0.787037 0.009375 0.027778
0 0.479687 0.098148 0.012500 0.020370
0 0.506771 0.507407 0.027083 0.009259
0 0.521615 0.129630 0.020313 0.009259
0 0.572396 0.526852 0.027083 0.011111
2 0.621354 0.363889 0.114583 0.033333
2 0.810417 0.732407 0.286458 0.477778
0 0.710156 0.021296 0.022396 0.029630
2 0.840104 0.130556 0.152083 0.081481
0 0.936458 0.019444 0.019792 0.018519
