2 0.113492 0.211914 0.139683 0.140625
2 0.142857 0.625000 0.131746 0.271484
2 0.174603 0.649414 0.119048 0.175781
2 0.256349 0.573242 0.168254 0.128906
1 0.196032 0.224609 0.015873 0.005859
2 0.328571 0.554688 0.169841 0.224609
0 0.286905 0.892578 0.026190 0.064453
1 0.462698 0.859375 0.012698 0.048828
1 0.593651 0.370117 0.023810 0.023438
2 0.707143 0.143555 0.165079 0.167969
0 0.666667 0.460938 0.030159 0.013672
0 0.710317 0.590820 0.038095 0.125000
2 0.773016 0.420898 0.017460 0.097656
2 0.812698 0.182129 0.039683 0.036133
0 0.828571 0.926758 0.026984 0.019531
0 0.839683 0.212891 0.017460 0.052734
1 0.865079 0.747070 0.036508 0.074219
