2 0.098413 0.115234 0.080952 0.115234
0 0.115079 0.577148 0.038095 0.078125
0 0.367460 0.899414 0.069841 0.058594
0 0.401587 0.305664 0.061905 0.027344
1 0.403175 0.233887 0.030159 0.014648
2 0.410317 0.354492 0.038095 0.066406
1 0.441270 0.374023 0.026984 0.035156
1 0.444444 0.198242 0.020635 0.039062
0 0.622222 0.439453 0.030159 0.064453
1 0.811508 0.677734 0.076984 0.166016
2 0.844444 0.166992 0.163492 0.121094
2 0.869048 0.249023 0.123810 0.128906
1 0.828571 0.404297 0.030159 0.009766
1 0.841270 0.292969 0.020635 0.021484
0 0.889683 0.682617 0.031746 0.046875
