0 0.072396 0.498148 0.039583 0.020370
2 0.421875 0.577778 0.255208 0.246296
2 0.466667 0.475926 0.042708 0.090741
0 0.491667 0.460185 0.053125 0.011111
0 0.480208 0.673148 0.017708 0.040741
0 0.569792 0.096296 0.032292 0.020370
0 0.565625 0.939815 0.015625 0.044444
0 0.597917 0.619444 0.009375 0.062963
2 0.709375 0.145370 0.061458 0.055556
2 0.830729 0.232407 0.172917 0.288889
2 0.765104 0.298148 0.039583 0.042593
2 0.807813 0.944444 0.027083 0.079630
0 0.843750 0.530556 0.042708 0.018519
2 0.972396 0.379630 0.018750 0.042593
