0 0.101562 0.310185 0.014583 0.040741
0 0.182292 0.298148 0.026042 0.024074
0 0.245312 0.435185 0.077083 0.012963
2 0.620833 0.309259 0.619792 0.372222
2 0.365625 0.571296 0.088542 0.074074
0 0.330469 0.745370 0.013021 0.077778
2 0.355208 0.659259 0.051042 0.083333
0 0.342708 0.805556 0.015625 0.038889
2 0.565625 0.898148 0.038542 0.075926
0 0.605208 0.610185 0.038542 0.018519
2 0.723177 0.891667 0.038021 0.103704
2 0.817708 0.276852 0.211458 0.207407
2 0.776302 0.510185 0.031771 0.055556
0 0.917708 0.826852 0.032292 0.007407
0 0.922396 0.189815 0.035417 0.007407
