1 0.101587 0.455078 0.023810 0.013672
1 0.169841 0.170898 0.026984 0.023438
2 0.237302 0.129883 0.047619 0.101562
2 0.323016 0.737305 0.028571 0.039062
1 0.402381 0.289062 0.012698 0.009766
2 0.491270 0.703125 0.126984 0.248047
2 0.533333 0.307617 0.055556 0.117188
0 0.537302 0.830078 0.050794 0.025391
2 0.590476 0.738281 0.100000 0.193359
0 0.557937 0.568359 0.022222 0.044922
1 0.597619 0.430664 0.019048 0.027344
0 0.623016 0.107422 0.028571 0.021484
1 0.615079 0.336914 0.009524 0.023438
0 0.702381 0.376953 0.044444 0.044922
2 0.918254 0.796875 0.053968 0.064453
