0 0.029167 0.241667 0.030208 0.018519
2 0.062240 0.884259 0.024479 0.033333
2 0.227083 0.337963 0.259375 0.433333
2 0.162500 0.115741 0.048958 0.025926
2 0.293750 0.050926 0.103125 0.085185
0 0.316667 0.109259 0.053125 0.009259
0 0.383854 0.059259 0.010417 0.009259
0 0.403125 0.292593 0.013542 0.035185
0 0.412500 0.100000 0.028125 0.012963
1 0.579688 0.109259 0.016667 0.005556
0 0.582812 0.844444 0.008333 0.042593
2 0.615104 0.780556 0.033333 0.081481
2 0.629167 0.733333 0.011458 0.020370
1 0.701042 0.562037 0.009375 0.014815
0 0.869792 0.045370 0.030208 0.025926
