0 0.143490 0.477778 0.006771 0.050000
0 0.344271 0.524074 0.039583 0.020370
0 0.398177 0.828704 0.043229 0.048148
1 0.433333 0.514815 0.009375 0.009259
1 0.479167 0.214815 0.013542 0.005556
2 0.587500 0.551852 0.021875 0.057407
0 0.604948 0.642593 0.006771 0.050000
1 0.621875 0.025926 0.032292 0.009259
1 0.643750 0.675000 0.009375 0.007407
2 0.658594 0.786111 0.023438 0.051852
2 0.681771 0.423148 0.056250 0.111111
2 0.827604 0.828704 0.110417 0.033333
2 0.875521 0.803704 0.081250 0.046296
2 0.937500 0.830556 0.069792 0.037037
2 0.954167 0.081481 0.032292 0.116667
