2 0.089063 0.886111 0.141667 0.074074
2 0.041667 0.887037 0.044792 0.042593
2 0.068229 0.399074 0.033333 0.070370
2 0.173958 0.630556 0.138542 0.074074
0 0.159375 0.516667 0.026042 0.024074
2 0.494271 0.488889 0.583333 0.350000
0 0.361979 0.444444 0.054167 0.038889
0 0.381510 0.559259 0.018229 0.009259
2 0.620313 0.247222 0.270833 0.266667
0 0.521615 0.797222 0.010937 0.033333
1 0.666927 0.364352 0.005729 0.010185
0 0.674219 0.277778 0.010937 0.057407
2 0.716146 0.776852 0.062500 0.218519
0 0.770312 0.475926 0.008333 0.012963
2 0.872917 0.921296 0.103125 0.059259
2 0.864844 0.876852 0.028646 0.085185
0 0.913542 0.964815 0.040625 0.012963
1 0.914583 0.220370 0.026042 0.005556
0 0.940104 0.618519 0.045833 0.031481
