0 0.068229 0.863889 0.035417 0.007407
0 0.172917 0.537963 0.034375 0.044444
2 0.367188 0.249074 0.068750 0.237037
0 0.371354 0.229630 0.012500 0.061111
0 0.402083 0.099074 0.046875 0.029630
1 0.456771 0.121296 0.025000 0.007407
1 0.522917 0.364815 0.009375 0.012963
1 0.543750 0.561111 0.013542 0.009259
0 0.644271 0.927778 0.045833 0.020370
0 0.769792 0.941667 0.013542 0.040741
1 0.778125 0.023148 0.005208 0.011111
0 0.811979 0.807407 0.008333 0.042593
0 0.866667 0.806481 0.032292 0.007407
0 0.885417 0.887037 0.053125 0.038889
0 0.956771 0.449074 0.031250 0.007407
