0 0.180159 0.236328 0.149206 0.041016
1 0.199206 0.619141 0.009524 0.017578
0 0.246032 0.958008 0.049206 0.042969
0 0.356349 0.467773 0.019048 0.015625
0 0.442063 0.705078 0.053968 0.083984
2 0.492857 0.798828 0.082540 0.080078
1 0.521429 0.933594 0.015873 0.029297
0 0.557143 0.442383 0.017460 0.019531
0 0.568254 0.566406 0.034921 0.115234
0 0.591667 0.815430 0.015079 0.023438
0 0.639683 0.934570 0.096825 0.039062
2 0.711905 0.333984 0.092063 0.130859
0 0.765873 0.355469 0.028571 0.041016
2 0.901587 0.408203 0.068254 0.048828
0 0.916667 0.340820 0.060317 0.050781
0 0.966667 0.925781 0.030159 0.033203
