1 0.046825 0.436523 0.019048 0.011719
1 0.084921 0.061523 0.031746 0.089844
1 0.321429 0.386719 0.019048 0.017578
0 0.359524 0.678711 0.092063 0.117188
2 0.416667 0.647461 0.120635 0.199219
2 0.455556 0.259766 0.090476 0.083984
0 0.600794 0.887695 0.117460 0.054688
2 0.764286 0.297852 0.339683 0.230469
0 0.659524 0.923828 0.101587 0.052734
2 0.727778 0.461914 0.215873 0.496094
2 0.653175 0.424805 0.047619 0.050781
1 0.653968 0.412598 0.030159 0.028320
1 0.771032 0.806641 0.038889 0.009766
0 0.818254 0.470703 0.088889 0.025391
0 0.834524 0.617188 0.011905 0.056641
1 0.930952 0.541016 0.028571 0.025391
