1 0.051984 0.856445 0.005556 0.019531
1 0.075397 0.875977 0.015873 0.035156
1 0.100794 0.179688 0.012698 0.029297
1 0.133333 0.542969 0.023810 0.060547
2 0.242063 0.315430 0.225397 0.378906
1 0.200794 0.331055 0.038095 0.015625
0 0.349206 0.678711 0.049206 0.039062
2 0.346825 0.316406 0.028571 0.025391
1 0.395238 0.830078 0.026984 0.041016
2 0.491270 0.594727 0.111111 0.070312
2 0.582540 0.735352 0.249206 0.332031
0 0.578571 0.625977 0.047619 0.105469
2 0.681746 0.772461 0.203175 0.261719
1 0.653968 0.626953 0.036508 0.013672
2 0.845238 0.457031 0.092063 0.083984
0 0.875397 0.901367 0.130159 0.156250
1 0.921429 0.494629 0.012698 0.008789
