2 0.088281 0.739815 0.075521 0.037037
0 0.081771 0.122222 0.029167 0.057407
2 0.167448 0.947222 0.054688 0.029630
2 0.234896 0.349074 0.045833 0.048148
0 0.291146 0.701852 0.025000 0.012963
0 0.383854 0.803704 0.012500 0.012963
0 0.427083 0.739815 0.042708 0.029630
0 0.421875 0.240741 0.015625 0.038889
1 0.433594 0.129630 0.007812 0.005556
0 0.520833 0.608333 0.015625 0.044444
2 0.541146 0.266667 0.020833 0.064815
0 0.598437 0.182407 0.020833 0.059259
0 0.785417 0.043519 0.042708 0.018519
0 0.817187 0.227778 0.033333 0.042593
2 0.878646 0.492593 0.072917 0.061111
2 0.900521 0.360185 0.075000 0.077778
1 0.892708 0.466667 0.011458 0.031481
