1 0.107937 0.577148 0.014286 0.015625
0 0.163889 0.160156 0.056349 0.025391
0 0.186508 0.913086 0.038095 0.015625
1 0.269841 0.569336 0.011111 0.035156
2 0.351587 0.715820 0.146032 0.070312
2 0.382540 0.643555 0.201587 0.226562
0 0.368254 0.879883 0.103175 0.164062
1 0.444444 0.734375 0.042857 0.048828
0 0.493651 0.857422 0.039683 0.021484
1 0.525397 0.682617 0.049206 0.089844
2 0.665079 0.305664 0.207937 0.269531
1 0.719841 0.545898 0.009524 0.015625
2 0.790476 0.556641 0.112698 0.142578
2 0.782540 0.391602 0.039683 0.035156
0 0.928968 0.179688 0.024603 0.037109
