0 0.220052 0.237963 0.026562 0.007407
2 0.232813 0.737963 0.045833 0.044444
2 0.292448 0.464815 0.051562 0.138889
0 0.355729 0.569444 0.037500 0.018519
2 0.373437 0.524074 0.043750 0.072222
2 0.373698 0.259259 0.040104 0.072222
1 0.465104 0.705556 0.004167 0.012963
0 0.493750 0.240741 0.048958 0.020370
0 0.519271 0.208333 0.016667 0.048148
0 0.548958 0.331481 0.026042 0.012963
0 0.657292 0.816667 0.038542 0.020370
0 0.694271 0.666667 0.037500 0.009259
2 0.763802 0.364815 0.022396 0.038889
1 0.782031 0.833333 0.008854 0.005556
0 0.792708 0.977778 0.030208 0.016667
2 0.885417 0.354630 0.094792 0.325926
1 0.954167 0.792593 0.013542 0.009259
