1 0.014286 0.862793 0.017460 0.006836
1 0.040873 0.217773 0.007143 0.023438
1 0.294444 0.958984 0.019048 0.056641
2 0.397619 0.650879 0.130159 0.141602
0 0.459524 0.178711 0.025397 0.058594
2 0.538889 0.308594 0.149206 0.130859
0 0.531746 0.490234 0.055556 0.142578
0 0.642063 0.973633 0.022222 0.019531
0 0.661111 0.881836 0.057143 0.035156
0 0.665873 0.900391 0.057143 0.056641
2 0.733333 0.618164 0.173016 0.121094
0 0.773810 0.278809 0.047619 0.041992
2 0.829365 0.711914 0.063492 0.066406
0 0.922222 0.054688 0.122222 0.044922
