2 0.063492 0.823242 0.090476 0.207031
0 0.054762 0.253906 0.034921 0.044922
2 0.257143 0.251953 0.376190 0.119141
1 0.116270 0.079102 0.027778 0.054688
1 0.113492 0.460938 0.019048 0.013672
2 0.208730 0.643555 0.047619 0.093750
2 0.272222 0.643555 0.123810 0.183594
1 0.296429 0.476562 0.008730 0.029297
0 0.317460 0.546875 0.023810 0.052734
0 0.430159 0.868164 0.017460 0.031250
0 0.701190 0.465820 0.053175 0.050781
2 0.750794 0.762695 0.039683 0.027344
2 0.888889 0.702148 0.090476 0.238281
2 0.884921 0.394531 0.069841 0.068359
2 0.949206 0.857422 0.023810 0.052734
