1 0.129365 0.828125 0.012698 0.021484
2 0.245238 0.387695 0.082540 0.214844
2 0.238095 0.087891 0.065079 0.087891
2 0.271429 0.659180 0.100000 0.164062
2 0.260714 0.213867 0.050000 0.105469
1 0.278571 0.782227 0.034921 0.050781
1 0.446032 0.651367 0.103175 0.066406
2 0.388095 0.336914 0.104762 0.109375
0 0.384921 0.517578 0.022222 0.048828
0 0.526190 0.490234 0.098413 0.021484
0 0.511111 0.421875 0.039683 0.033203
2 0.757937 0.332031 0.342857 0.404297
0 0.604762 0.451172 0.023810 0.044922
1 0.611905 0.871094 0.019048 0.025391
2 0.730159 0.201172 0.023810 0.103516
0 0.743651 0.211914 0.047619 0.015625
0 0.907143 0.907227 0.060317 0.042969
