1 0.080952 0.664062 0.017460 0.017578
0 0.131746 0.595703 0.068254 0.107422
1 0.119048 0.806641 0.014286 0.013672
0 0.250794 0.723633 0.077778 0.054688
2 0.292857 0.674805 0.044444 0.074219
1 0.281746 0.812500 0.009524 0.013672
1 0.432540 0.114258 0.012698 0.039062
0 0.479365 0.866211 0.033333 0.042969
1 0.480159 0.938477 0.019048 0.023438
0 0.593651 0.555664 0.077778 0.046875
2 0.608730 0.511719 0.041270 0.068359
0 0.756349 0.691406 0.073016 0.037109
1 0.779365 0.849609 0.007937 0.017578
1 0.825397 0.578125 0.014286 0.025391
2 0.889683 0.868164 0.041270 0.128906
0 0.883333 0.242188 0.025397 0.029297
