1 0.030952 0.596680 0.006349 0.015625
2 0.065079 0.317383 0.071429 0.210938
2 0.215079 0.177734 0.044444 0.037109
1 0.255556 0.807617 0.023810 0.019531
2 0.291270 0.183594 0.044444 0.099609
2 0.387302 0.083008 0.052381 0.023438
2 0.488095 0.725586 0.041270 0.093750
0 0.571429 0.311523 0.106349 0.027344
2 0.586508 0.794922 0.041270 0.056641
2 0.586508 0.314453 0.031746 0.056641
2 0.608730 0.254883 0.066667 0.070312
0 0.669048 0.604492 0.044444 0.101562
0 0.676984 0.171875 0.031746 0.076172
2 0.756349 0.836914 0.104762 0.250000
0 0.826984 0.680664 0.033333 0.089844
1 0.843254 0.349609 0.043651 0.025391
0 0.894444 0.257324 0.047619 0.038086
