2 0.116406 0.321296 0.056771 0.029630
0 0.105729 0.212037 0.025000 0.011111
2 0.236458 0.258333 0.161458 0.048148
0 0.419792 0.138889 0.011458 0.042593
0 0.436458 0.365741 0.015625 0.014815
0 0.502604 0.561111 0.031250 0.016667
0 0.535937 0.750000 0.047917 0.031481
2 0.586979 0.260185 0.025000 0.059259
0 0.602083 0.035185 0.009375 0.027778
0 0.610417 0.712963 0.026042 0.012963
2 0.693750 0.099074 0.048958 0.085185
0 0.698438 0.759259 0.008333 0.031481
0 0.746875 0.288889 0.028125 0.035185
1 0.903385 0.662963 0.007812 0.024074
2 0.976823 0.626852 0.038021 0.144444
