2 0.191146 0.405556 0.135417 0.072222
0 0.133073 0.901852 0.017188 0.009259
1 0.280729 0.852778 0.010417 0.014815
0 0.297396 0.251852 0.016667 0.035185
2 0.331771 0.803704 0.068750 0.072222
2 0.341146 0.221296 0.037500 0.140741
2 0.386458 0.937037 0.117708 0.035185
2 0.362500 0.278704 0.057292 0.048148
2 0.434375 0.280556 0.082292 0.133333
0 0.430208 0.740741 0.011458 0.042593
1 0.465625 0.146296 0.007292 0.009259
2 0.503125 0.158333 0.046875 0.051852
1 0.711719 0.718519 0.011979 0.009259
0 0.836458 0.974074 0.040625 0.046296
2 0.872396 0.208333 0.031250 0.092593
0 0.872135 0.329630 0.020313 0.005556
