1 0.176302 0.614815 0.009896 0.009259
0 0.254167 0.058796 0.007292 0.010185
2 0.504167 0.444444 0.488542 0.294444
2 0.418229 0.505556 0.314583 0.524074
1 0.285417 0.717593 0.005208 0.018519
1 0.326302 0.213889 0.016146 0.022222
2 0.428125 0.314815 0.053125 0.046296
2 0.493750 0.902778 0.030208 0.081481
2 0.630208 0.550926 0.098958 0.340741
2 0.636979 0.321296 0.054167 0.040741
2 0.708073 0.616667 0.053646 0.124074
2 0.693490 0.740741 0.022396 0.031481
0 0.750521 0.061111 0.020833 0.009259
2 0.776302 0.236111 0.057813 0.029630
2 0.873437 0.046296 0.083333 0.061111
0 0.898438 0.256944 0.029167 0.032407
1 0.900000 0.139815 0.009375 0.007407
