0 0.073810 0.695312 0.063492 0.029297
2 0.195238 0.149414 0.214286 0.125000
0 0.146825 0.166016 0.053968 0.029297
0 0.144444 0.437500 0.039683 0.095703
0 0.191270 0.073242 0.050794 0.031250
2 0.417460 0.348633 0.363492 0.386719
0 0.281746 0.760742 0.073016 0.027344
0 0.323016 0.508789 0.047619 0.035156
1 0.452381 0.427734 0.017460 0.013672
0 0.663492 0.899414 0.100000 0.148438
2 0.704762 0.502930 0.080952 0.105469
0 0.726984 0.658203 0.074603 0.134766
0 0.795238 0.755859 0.058730 0.123047
2 0.830159 0.843750 0.100000 0.107422
1 0.869048 0.096680 0.012698 0.027344
0 0.886508 0.941406 0.034921 0.068359
1 0.905556 0.576172 0.009524 0.013672
