0 0.053968 0.239258 0.055556 0.070312
2 0.224603 0.667969 0.126984 0.263672
2 0.259524 0.090820 0.044444 0.089844
2 0.331746 0.443359 0.153968 0.107422
0 0.356349 0.098145 0.041270 0.059570
0 0.445238 0.570312 0.082540 0.017578
0 0.461905 0.413574 0.061905 0.084961
2 0.544444 0.320312 0.150794 0.388672
2 0.660317 0.339844 0.353968 0.271484
2 0.528571 0.291992 0.036508 0.117188
0 0.817063 0.574219 0.019841 0.013672
1 0.834127 0.254883 0.022222 0.046875
2 0.929365 0.221680 0.069841 0.054688
2 0.965873 0.375000 0.047619 0.052734
