1 0.109115 0.855556 0.006771 0.012963
2 0.263542 0.480556 0.076042 0.077778
2 0.295573 0.385185 0.048438 0.042593
0 0.386979 0.119444 0.016667 0.040741
1 0.473438 0.862963 0.006250 0.024074
0 0.486719 0.414815 0.024479 0.005556
2 0.531771 0.540741 0.091667 0.075926
1 0.550260 0.925926 0.018229 0.005556
0 0.604167 0.095370 0.019792 0.011111
1 0.608333 0.082407 0.005208 0.014815
2 0.662500 0.656481 0.021875 0.066667
0 0.876563 0.773148 0.041667 0.018519
2 0.902604 0.173148 0.027083 0.100000
2 0.915625 0.641667 0.048958 0.025926
2 0.926562 0.269444 0.039583 0.077778
0 0.939063 0.107407 0.016667 0.009259
