1 0.020635 0.032227 0.017460 0.011719
2 0.326190 0.410156 0.438095 0.173828
0 0.149206 0.744141 0.036508 0.111328
2 0.220635 0.781250 0.100000 0.224609
1 0.205556 0.636719 0.009524 0.017578
1 0.361111 0.279297 0.015873 0.021484
1 0.489683 0.613281 0.057143 0.029297
2 0.530952 0.460938 0.047619 0.072266
0 0.588889 0.629883 0.106349 0.066406
2 0.647619 0.101562 0.080952 0.126953
0 0.632540 0.587891 0.050794 0.033203
1 0.663492 0.496582 0.046032 0.020508
0 0.796032 0.207031 0.101587 0.103516
2 0.807937 0.289062 0.055556 0.076172
2 0.949206 0.222656 0.046032 0.076172
