1 0.089683 0.136719 0.019048 0.013672
0 0.129762 0.364258 0.015079 0.023438
1 0.151587 0.151367 0.015873 0.023438
0 0.229365 0.166992 0.088889 0.105469
2 0.273016 0.244141 0.061905 0.123047
0 0.336508 0.448242 0.017460 0.035156
2 0.471429 0.643555 0.176190 0.328125
1 0.400794 0.262695 0.012698 0.011719
2 0.465873 0.721680 0.098413 0.375000
2 0.542063 0.926758 0.038095 0.132812
2 0.732540 0.774414 0.184127 0.179688
0 0.761905 0.357422 0.084127 0.072266
1 0.739683 0.148438 0.011111 0.013672
0 0.830159 0.725586 0.055556 0.042969
0 0.930159 0.873047 0.036508 0.029297
