2 0.161905 0.841797 0.084127 0.193359
1 0.131746 0.076172 0.014286 0.013672
0 0.170635 0.311523 0.009524 0.054688
2 0.359524 0.591797 0.260317 0.275391
2 0.326984 0.512695 0.163492 0.222656
1 0.303175 0.070312 0.033333 0.021484
2 0.426984 0.747070 0.084127 0.093750
2 0.440476 0.897461 0.069841 0.070312
0 0.459921 0.961914 0.013492 0.019531
0 0.526190 0.420898 0.009524 0.062500
0 0.638889 0.054688 0.012698 0.021484
2 0.752381 0.605469 0.211111 0.458984
0 0.684127 0.171875 0.052381 0.021484
1 0.733730 0.685547 0.015079 0.009766
0 0.794444 0.863281 0.028571 0.076172
0 0.811111 0.201172 0.023810 0.068359
0 0.926190 0.402344 0.009524 0.041016
