0 0.114844 0.425000 0.028646 0.007407
0 0.205729 0.637963 0.043750 0.007407
2 0.223177 0.036111 0.025521 0.033333
0 0.304688 0.209259 0.035417 0.031481
2 0.416667 0.595370 0.051042 0.025926
0 0.414583 0.755556 0.011458 0.005556
2 0.451042 0.500000 0.071875 0.246296
1 0.447656 0.621296 0.015104 0.003704
1 0.565104 0.209259 0.004167 0.012963
0 0.592708 0.757407 0.017708 0.050000
2 0.712500 0.770370 0.151042 0.079630
2 0.670052 0.442593 0.054688 0.146296
2 0.797917 0.896296 0.063542 0.105556
2 0.964063 0.629630 0.039583 0.068519
