2 0.051562 0.699074 0.089583 0.066667
0 0.175521 0.058333 0.029167 0.014815
0 0.210938 0.688889 0.018750 0.035185
0 0.238281 0.156481 0.008854 0.029630
0 0.259375 0.468519 0.026042 0.016667
2 0.290625 0.924074 0.065625 0.109259
0 0.451823 0.471296 0.007812 0.014815
0 0.475521 0.252778 0.035417 0.022222
2 0.518750 0.435185 0.055208 0.042593
1 0.507552 0.722222 0.007812 0.005556
2 0.630729 0.187963 0.233333 0.229630
0 0.666146 0.899074 0.027083 0.022222
0 0.840625 0.662963 0.011458 0.072222
0 0.943750 0.084259 0.019792 0.018519
