0 0.042857 0.350586 0.017460 0.011719
0 0.068254 0.560547 0.026984 0.029297
2 0.183333 0.827148 0.155556 0.121094
0 0.159524 0.324219 0.025397 0.087891
1 0.175397 0.195312 0.006349 0.013672
0 0.205556 0.264648 0.015873 0.101562
0 0.398413 0.292969 0.046032 0.029297
1 0.412698 0.665039 0.031746 0.042969
2 0.503175 0.217773 0.179365 0.164062
2 0.465079 0.282227 0.074603 0.070312
2 0.507143 0.360352 0.082540 0.085938
1 0.572222 0.296875 0.019048 0.029297
0 0.578571 0.605469 0.015873 0.033203
0 0.691270 0.117188 0.025397 0.029297
0 0.794444 0.328125 0.038095 0.076172
1 0.848016 0.121094 0.015079 0.017578
