0 0.061111 0.759277 0.044444 0.034180
2 0.095238 0.723633 0.055556 0.082031
0 0.096032 0.866699 0.053968 0.041992
1 0.229365 0.844727 0.028571 0.015625
2 0.284921 0.142578 0.012698 0.091797
2 0.546825 0.198242 0.419048 0.242188
2 0.451587 0.677734 0.085714 0.126953
0 0.482540 0.498047 0.096825 0.041016
1 0.603175 0.375977 0.061905 0.031250
1 0.630952 0.252930 0.044444 0.027344
0 0.625794 0.283203 0.030952 0.044922
0 0.853175 0.094238 0.050794 0.036133
2 0.876984 0.150391 0.098413 0.201172
1 0.852381 0.916992 0.007937 0.023438
