0 0.078125 0.015741 0.032292 0.007407
2 0.151562 0.364815 0.141667 0.187037
0 0.099479 0.550926 0.018750 0.037037
2 0.108594 0.584259 0.025521 0.055556
0 0.172917 0.410185 0.038542 0.022222
0 0.246354 0.407407 0.018750 0.053704
0 0.250521 0.625926 0.020833 0.038889
2 0.372656 0.125000 0.031771 0.055556
0 0.455208 0.555093 0.011458 0.017593
0 0.498437 0.342593 0.018750 0.053704
0 0.504167 0.193519 0.015625 0.044444
2 0.632812 0.469444 0.125000 0.066667
2 0.823958 0.275000 0.040625 0.044444
1 0.837500 0.243519 0.009375 0.007407
0 0.866406 0.205093 0.008854 0.013889
