2 0.147619 0.812500 0.176190 0.134766
1 0.081746 0.534180 0.009524 0.015625
2 0.153571 0.163086 0.089683 0.066406
2 0.182540 0.775391 0.084127 0.138672
0 0.234127 0.927734 0.038095 0.099609
2 0.379365 0.760742 0.014286 0.042969
0 0.446825 0.205566 0.034921 0.036133
0 0.552381 0.974609 0.020635 0.013672
2 0.600000 0.840820 0.096825 0.140625
1 0.616667 0.158203 0.019048 0.025391
2 0.666667 0.919434 0.042857 0.026367
0 0.670635 0.502930 0.019048 0.023438
0 0.780159 0.065430 0.028571 0.039062
0 0.814683 0.938477 0.018254 0.027344
