2 0.157937 0.660156 0.250794 0.208984
1 0.066667 0.309570 0.007937 0.023438
0 0.151587 0.604492 0.009524 0.023438
2 0.392063 0.500000 0.395238 0.486328
1 0.285317 0.174805 0.067460 0.031250
2 0.396825 0.197266 0.144444 0.107422
0 0.350000 0.184570 0.015873 0.179688
2 0.442857 0.781250 0.147619 0.095703
0 0.421429 0.285156 0.022222 0.033203
0 0.445238 0.667969 0.025397 0.029297
0 0.485714 0.127930 0.026984 0.082031
1 0.673016 0.030273 0.017460 0.015625
2 0.681746 0.703125 0.031746 0.080078
1 0.749206 0.551758 0.017460 0.015625
2 0.815873 0.514648 0.071429 0.042969
2 0.864286 0.675781 0.028571 0.072266
1 0.890476 0.399414 0.017460 0.023438
1 0.923016 0.568359 0.012698 0.013672
