2 0.051042 0.294444 0.023958 0.061111
2 0.131250 0.819444 0.036458 0.077778
0 0.148958 0.635185 0.017708 0.016667
0 0.194271 0.845370 0.008333 0.007407
2 0.300000 0.702778 0.032292 0.077778
2 0.507292 0.465741 0.134375 0.070370
0 0.498958 0.100926 0.019792 0.018519
2 0.566146 0.841667 0.077083 0.125926
2 0.685937 0.583333 0.068750 0.235185
0 0.716667 0.637037 0.044792 0.020370
1 0.716667 0.049074 0.005208 0.018519
1 0.770312 0.285185 0.006250 0.009259
0 0.872917 0.404630 0.028125 0.014815
0 0.935937 0.390741 0.016667 0.035185
0 0.975000 0.415741 0.036458 0.011111
