0 0.098810 0.292969 0.030952 0.029297
2 0.149206 0.652344 0.061905 0.138672
0 0.157143 0.251953 0.026984 0.037109
2 0.241270 0.083008 0.084127 0.105469
1 0.380159 0.556641 0.009524 0.025391
2 0.404762 0.845703 0.039683 0.107422
0 0.466667 0.240234 0.020635 0.029297
0 0.596032 0.805664 0.044444 0.167969
0 0.739683 0.745117 0.080952 0.042969
1 0.742063 0.537109 0.057143 0.017578
2 0.789683 0.473633 0.050794 0.085938
1 0.788889 0.540039 0.023810 0.023438
1 0.786508 0.556641 0.012698 0.013672
1 0.792857 0.227539 0.015873 0.023438
1 0.866667 0.882812 0.014286 0.013672
2 0.933333 0.281250 0.052381 0.087891
0 0.961905 0.350586 0.020635 0.027344
1 0.980159 0.063477 0.019048 0.011719
