2 0.075000 0.558333 0.069792 0.070370
2 0.089583 0.084259 0.067708 0.051852
2 0.090625 0.829630 0.059375 0.053704
0 0.170833 0.537963 0.038542 0.011111
1 0.271875 0.087037 0.017708 0.005556
2 0.346354 0.482407 0.106250 0.055556
2 0.348438 0.771296 0.020833 0.044444
0 0.407813 0.848148 0.014583 0.090741
1 0.418229 0.519907 0.008333 0.013889
0 0.457813 0.603241 0.033333 0.013889
1 0.488021 0.414815 0.016667 0.005556
0 0.541146 0.656481 0.020833 0.018519
0 0.559896 0.293519 0.054167 0.025926
0 0.558333 0.453704 0.040625 0.016667
2 0.671354 0.041667 0.079167 0.081481
2 0.690625 0.457407 0.059375 0.120370
0 0.697396 0.811111 0.012500 0.020370
0 0.750521 0.012963 0.014583 0.009259
2 0.858333 0.945370 0.080208 0.059259
