1 0.138095 0.814453 0.039683 0.041016
1 0.134127 0.736328 0.009524 0.013672
0 0.259524 0.304688 0.053968 0.044922
1 0.276984 0.915039 0.019048 0.031250
0 0.308730 0.303711 0.038095 0.058594
0 0.418254 0.662109 0.069841 0.177734
0 0.569048 0.281250 0.047619 0.025391
0 0.655952 0.971680 0.011905 0.027344
1 0.688095 0.296875 0.060317 0.080078
2 0.686508 0.417969 0.038095 0.080078
2 0.762698 0.592773 0.092063 0.054688
2 0.766667 0.817383 0.049206 0.019531
1 0.918254 0.567383 0.019048 0.027344
0 0.969841 0.885742 0.026984 0.046875
