0 0.033333 0.183594 0.030159 0.060547
1 0.093651 0.287109 0.030159 0.025391
2 0.133730 0.376953 0.094444 0.111328
0 0.213095 0.302734 0.075397 0.064453
2 0.288889 0.259766 0.042857 0.064453
1 0.303175 0.283203 0.014286 0.017578
1 0.348413 0.111328 0.012698 0.013672
1 0.392063 0.740234 0.014286 0.021484
1 0.460317 0.970703 0.014286 0.013672
0 0.549206 0.683594 0.017460 0.025391
2 0.607937 0.742676 0.112698 0.090820
0 0.580952 0.666992 0.014286 0.031250
1 0.673810 0.846680 0.022222 0.031250
0 0.725397 0.575195 0.030159 0.132812
2 0.800000 0.672852 0.020635 0.054688
2 0.841270 0.367188 0.052381 0.162109
