0 0.054762 0.764160 0.098413 0.040039
1 0.035714 0.936523 0.028571 0.011719
0 0.052381 0.749023 0.055556 0.039062
2 0.200000 0.493164 0.046032 0.074219
2 0.241270 0.275391 0.096825 0.091797
2 0.334921 0.538086 0.226984 0.144531
2 0.379365 0.564453 0.039683 0.087891
0 0.401587 0.207031 0.020635 0.091797
2 0.469048 0.511719 0.139683 0.322266
1 0.443651 0.901367 0.044444 0.015625
1 0.458730 0.151367 0.011111 0.011719
2 0.739683 0.324219 0.315873 0.314453
1 0.723810 0.693359 0.011111 0.013672
2 0.780159 0.670898 0.107937 0.250000
0 0.760317 0.045898 0.030159 0.070312
1 0.788095 0.570312 0.019048 0.025391
0 0.816667 0.432617 0.022222 0.066406
1 0.856349 0.875000 0.006349 0.025391
0 0.967857 0.676758 0.045238 0.027344
