1 0.018254 0.116211 0.022222 0.019531
0 0.074603 0.712891 0.055556 0.060547
0 0.106746 0.103516 0.045238 0.064453
0 0.102381 0.666992 0.031746 0.082031
0 0.203968 0.719727 0.053968 0.023438
1 0.188095 0.736328 0.009524 0.013672
2 0.357937 0.735352 0.152381 0.070312
0 0.535317 0.552734 0.019841 0.025391
0 0.588095 0.204102 0.019048 0.019531
1 0.612698 0.452148 0.017460 0.035156
0 0.778571 0.360352 0.060317 0.101562
2 0.800000 0.559570 0.080952 0.078125
2 0.779762 0.054688 0.026190 0.068359
1 0.794444 0.596680 0.022222 0.011719
2 0.873016 0.266602 0.074603 0.082031
0 0.885714 0.689453 0.080952 0.048828
1 0.857540 0.122070 0.013492 0.031250
