0 0.079365 0.437500 0.033333 0.037109
0 0.114286 0.631836 0.058730 0.023438
0 0.168254 0.101562 0.033333 0.033203
2 0.269048 0.427734 0.203175 0.076172
2 0.403175 0.722656 0.141270 0.158203
0 0.382937 0.086914 0.034127 0.027344
0 0.474603 0.391602 0.042857 0.082031
0 0.665476 0.498047 0.018254 0.025391
2 0.737302 0.203125 0.117460 0.220703
1 0.750794 0.863281 0.023810 0.021484
0 0.832540 0.224609 0.130159 0.107422
0 0.879365 0.522461 0.017460 0.023438
2 0.907937 0.790039 0.058730 0.070312
1 0.974206 0.929688 0.016667 0.025391
