1 0.200000 0.357422 0.011111 0.009766
1 0.320635 0.727539 0.014286 0.019531
0 0.345635 0.250977 0.008730 0.046875
2 0.400000 0.475586 0.096825 0.085938
0 0.450000 0.150391 0.025397 0.029297
0 0.523016 0.762695 0.063492 0.089844
1 0.505556 0.950195 0.019048 0.027344
0 0.528968 0.963867 0.024603 0.023438
0 0.568254 0.602539 0.020635 0.046875
2 0.638889 0.898438 0.053968 0.107422
2 0.661111 0.622070 0.057143 0.156250
1 0.692063 0.009766 0.011111 0.013672
0 0.706349 0.391602 0.030159 0.042969
2 0.813492 0.711914 0.136508 0.109375
1 0.816270 0.224609 0.016667 0.013672
1 0.848016 0.383789 0.027778 0.058594
0 0.915873 0.169922 0.049206 0.029297
1 0.921429 0.033203 0.012698 0.013672
