2 0.096032 0.068359 0.044444 0.041016
2 0.256349 0.702148 0.361905 0.320312
2 0.265079 0.429688 0.373016 0.509766
2 0.138492 0.484375 0.048413 0.080078
1 0.135714 0.878906 0.022222 0.037109
2 0.215873 0.651855 0.103175 0.073242
2 0.300794 0.671875 0.073016 0.076172
2 0.409524 0.527344 0.157143 0.126953
2 0.443651 0.709961 0.114286 0.058594
1 0.503175 0.797852 0.014286 0.011719
2 0.734127 0.611328 0.317460 0.181641
0 0.873016 0.149414 0.061905 0.031250
2 0.915873 0.691406 0.061905 0.185547
1 0.952381 0.380859 0.030159 0.017578
