0 0.047619 0.612305 0.020635 0.035156
2 0.179365 0.717773 0.084127 0.128906
2 0.168254 0.073242 0.055556 0.054688
0 0.201587 0.542969 0.087302 0.037109
2 0.249206 0.830078 0.119048 0.095703
0 0.237302 0.617676 0.057143 0.036133
2 0.584921 0.607422 0.301587 0.251953
0 0.511111 0.631836 0.026984 0.031250
1 0.506349 0.218750 0.007937 0.013672
1 0.649206 0.078125 0.011111 0.013672
0 0.668254 0.407227 0.026984 0.042969
1 0.787302 0.415039 0.017460 0.031250
0 0.840476 0.394531 0.025397 0.041016
2 0.938889 0.247070 0.034921 0.070312
0 0.971429 0.232422 0.011111 0.037109
