0 0.059896 0.744444 0.012500 0.012963
1 0.082292 0.411111 0.009375 0.009259
2 0.221875 0.926852 0.069792 0.040741
0 0.239063 0.968519 0.033333 0.031481
0 0.266146 0.950926 0.037500 0.011111
0 0.389583 0.368519 0.023958 0.009259
0 0.400000 0.643981 0.023958 0.006481
2 0.468229 0.489815 0.152083 0.044444
2 0.612500 0.847222 0.107292 0.159259
0 0.686979 0.253704 0.029167 0.057407
0 0.694271 0.115741 0.037500 0.022222
2 0.708854 0.385185 0.041667 0.046296
2 0.793490 0.295370 0.039062 0.107407
2 0.836458 0.887963 0.057292 0.051852
2 0.843750 0.537963 0.026042 0.062963
