1 0.057937 0.738281 0.006349 0.017578
1 0.099206 0.673828 0.015873 0.013672
1 0.119841 0.954102 0.034921 0.042969
0 0.167460 0.093750 0.019048 0.068359
1 0.181349 0.967773 0.011905 0.015625
1 0.351587 0.639648 0.025397 0.042969
0 0.376190 0.226562 0.026984 0.037109
2 0.649206 0.375977 0.458730 0.253906
2 0.665079 0.663086 0.401587 0.480469
0 0.560317 0.044922 0.011111 0.025391
1 0.626190 0.824707 0.019048 0.008789
2 0.701587 0.655273 0.125397 0.054688
0 0.732540 0.103516 0.053968 0.083984
0 0.783333 0.769531 0.050794 0.048828
1 0.790476 0.557617 0.017460 0.015625
2 0.872222 0.915039 0.041270 0.074219
0 0.911111 0.854492 0.039683 0.031250
0 0.917460 0.496094 0.065079 0.037109
