0 0.065079 0.180664 0.046032 0.062500
0 0.115079 0.192383 0.015873 0.011719
0 0.123016 0.490234 0.022222 0.072266
1 0.175397 0.691406 0.022222 0.021484
2 0.214286 0.699219 0.030159 0.056641
2 0.422222 0.411133 0.052381 0.218750
0 0.404762 0.033203 0.007937 0.033203
1 0.476190 0.485352 0.058730 0.011719
1 0.466667 0.717773 0.023810 0.035156
2 0.689683 0.269531 0.380952 0.232422
1 0.511905 0.909180 0.019048 0.027344
1 0.538095 0.319824 0.023810 0.018555
2 0.622222 0.203125 0.036508 0.095703
0 0.703968 0.283203 0.050794 0.056641
2 0.726984 0.386719 0.017460 0.013672
2 0.805159 0.332031 0.053175 0.091797
1 0.787302 0.826172 0.014286 0.013672
2 0.834127 0.400391 0.082540 0.208984
1 0.894444 0.436523 0.015873 0.015625
