1 0.118229 0.453704 0.025000 0.005556
0 0.128646 0.580556 0.008333 0.044444
0 0.139063 0.422222 0.008333 0.042593
2 0.166927 0.101852 0.032813 0.057407
0 0.544271 0.912963 0.018750 0.009259
0 0.693229 0.828704 0.022917 0.040741
0 0.718750 0.870370 0.038542 0.027778
1 0.749740 0.973611 0.006771 0.010185
0 0.827604 0.305556 0.008333 0.012963
0 0.852083 0.178704 0.021875 0.044444
0 0.907292 0.953704 0.017708 0.042593
2 0.961458 0.169444 0.071875 0.074074
1 0.935156 0.077778 0.006771 0.012963
0 0.957552 0.791667 0.021354 0.025926
