2 0.036111 0.187500 0.026190 0.033203
0 0.152381 0.664062 0.049206 0.154297
1 0.261111 0.708008 0.015873 0.066406
0 0.299206 0.409180 0.047619 0.031250
2 0.353175 0.538086 0.038095 0.066406
0 0.445238 0.514648 0.025397 0.070312
0 0.455556 0.803711 0.046032 0.042969
2 0.515079 0.495117 0.053968 0.085938
0 0.674603 0.665039 0.090476 0.058594
2 0.821429 0.431641 0.123810 0.052734
0 0.811111 0.262695 0.049206 0.085938
2 0.834127 0.460938 0.073016 0.037109
2 0.874603 0.208984 0.071429 0.037109
0 0.857937 0.973633 0.012698 0.023438
2 0.901587 0.705078 0.096825 0.103516
