0 0.025794 0.442383 0.013492 0.054688
1 0.140476 0.102539 0.015873 0.027344
1 0.166667 0.477539 0.020635 0.039062
0 0.211905 0.461914 0.038095 0.031250
2 0.269048 0.664062 0.146032 0.287109
2 0.226984 0.503906 0.052381 0.083984
0 0.222619 0.920898 0.023016 0.027344
1 0.226190 0.905273 0.012698 0.011719
2 0.251587 0.277344 0.028571 0.068359
2 0.457143 0.410156 0.128571 0.048828
1 0.453968 0.287109 0.014286 0.017578
1 0.488095 0.051758 0.006349 0.023438
2 0.664286 0.611328 0.038095 0.095703
2 0.739683 0.308594 0.055556 0.150391
2 0.861905 0.650391 0.163492 0.189453
0 0.853175 0.543945 0.022222 0.121094
