0 0.053175 0.208008 0.025397 0.035156
1 0.274603 0.862305 0.023810 0.023438
0 0.309127 0.413574 0.035714 0.041992
2 0.343651 0.312500 0.101587 0.177734
0 0.380159 0.377930 0.101587 0.125000
2 0.369048 0.593750 0.047619 0.048828
0 0.398413 0.433594 0.052381 0.029297
2 0.468254 0.473633 0.020635 0.042969
2 0.569841 0.372070 0.115873 0.234375
0 0.678571 0.637695 0.044444 0.046875
2 0.748413 0.698242 0.180952 0.214844
1 0.667460 0.601562 0.009524 0.013672
2 0.742857 0.445312 0.112698 0.177734
1 0.700397 0.708008 0.008730 0.066406
2 0.866667 0.462891 0.049206 0.064453
