0 0.123810 0.857422 0.138095 0.087891
0 0.103968 0.736328 0.050794 0.107422
1 0.097619 0.822266 0.012698 0.021484
1 0.222619 0.698242 0.072222 0.050781
1 0.184921 0.803711 0.009524 0.015625
0 0.259524 0.944336 0.038095 0.082031
2 0.284921 0.592773 0.066667 0.375000
0 0.347619 0.889648 0.042857 0.074219
1 0.345238 0.938477 0.022222 0.015625
1 0.446825 0.788086 0.031746 0.011719
0 0.474603 0.211914 0.077778 0.113281
0 0.478175 0.085938 0.030952 0.044922
1 0.621825 0.910156 0.019841 0.009766
2 0.645238 0.914062 0.044444 0.103516
1 0.761111 0.915527 0.076190 0.030273
0 0.761905 0.340820 0.055556 0.058594
2 0.779365 0.071289 0.084127 0.050781
0 0.854762 0.458984 0.012698 0.048828
