0 0.084921 0.637695 0.038095 0.070312
2 0.234921 0.763672 0.084127 0.189453
2 0.326984 0.243164 0.030159 0.035156
2 0.403175 0.111328 0.128571 0.111328
2 0.462698 0.817383 0.130159 0.156250
0 0.533333 0.103516 0.039683 0.017578
1 0.586508 0.173828 0.022222 0.025391
1 0.590476 0.246094 0.014286 0.017578
2 0.629365 0.750977 0.053968 0.042969
2 0.733333 0.781250 0.100000 0.091797
1 0.776984 0.466797 0.025397 0.025391
2 0.879365 0.816406 0.087302 0.103516
0 0.900000 0.382812 0.049206 0.025391
1 0.954365 0.612305 0.016667 0.007812
1 0.974603 0.856445 0.014286 0.011719
