0 0.076190 0.540039 0.061905 0.035156
1 0.096032 0.834961 0.009524 0.023438
0 0.146032 0.588867 0.017460 0.019531
2 0.412698 0.425781 0.207937 0.119141
0 0.507540 0.741211 0.043651 0.031250
1 0.511111 0.343750 0.033333 0.025391
1 0.519444 0.939453 0.018254 0.033203
1 0.596032 0.022461 0.012698 0.015625
0 0.632540 0.745117 0.028571 0.156250
2 0.699206 0.082031 0.136508 0.033203
0 0.750794 0.711914 0.055556 0.039062
0 0.746825 0.063477 0.015873 0.011719
0 0.832540 0.830078 0.015873 0.072266
1 0.867857 0.176758 0.064286 0.089844
