0 0.096825 0.852539 0.055556 0.125000
0 0.099206 0.506836 0.025397 0.058594
1 0.148016 0.686523 0.026190 0.019531
1 0.210714 0.181641 0.013492 0.017578
2 0.291270 0.276367 0.168254 0.160156
0 0.253968 0.923828 0.084127 0.052734
1 0.257143 0.372070 0.071429 0.019531
2 0.357143 0.265625 0.211111 0.380859
0 0.280952 0.504883 0.046032 0.031250
2 0.456746 0.541992 0.070635 0.070312
2 0.761111 0.326172 0.101587 0.189453
2 0.743651 0.473633 0.044444 0.023438
0 0.810317 0.320312 0.022222 0.025391
2 0.855556 0.180664 0.106349 0.140625
0 0.881746 0.648438 0.053968 0.041016
1 0.917460 0.102539 0.017460 0.015625
