0 0.102381 0.153320 0.019048 0.089844
0 0.107937 0.666016 0.020635 0.060547
2 0.194444 0.413086 0.130159 0.164062
1 0.179365 0.620117 0.023810 0.031250
1 0.337302 0.745117 0.022222 0.019531
0 0.380952 0.397461 0.033333 0.140625
0 0.426190 0.344727 0.030159 0.050781
1 0.495238 0.461914 0.071429 0.027344
2 0.561111 0.796875 0.161905 0.212891
2 0.621429 0.393555 0.082540 0.113281
2 0.641270 0.291016 0.080952 0.083984
0 0.638095 0.253906 0.023810 0.037109
2 0.665079 0.286133 0.049206 0.070312
0 0.723016 0.104492 0.022222 0.015625
0 0.786905 0.823242 0.040476 0.101562
0 0.853175 0.571289 0.015873 0.039062
1 0.931746 0.923828 0.049206 0.037109
