2 0.088542 0.731481 0.026042 0.064815
2 0.276562 0.384259 0.206250 0.325926
2 0.235937 0.888889 0.050000 0.098148
2 0.293750 0.589815 0.086458 0.133333
2 0.509375 0.623148 0.361458 0.351852
0 0.394271 0.237037 0.039583 0.020370
2 0.574479 0.781481 0.043750 0.105556
0 0.640104 0.383333 0.033333 0.009259
0 0.646615 0.401852 0.017188 0.031481
0 0.684375 0.267593 0.028125 0.007407
2 0.795833 0.262963 0.251042 0.420370
0 0.686979 0.559259 0.022917 0.012963
0 0.821615 0.552778 0.007812 0.014815
0 0.854167 0.750000 0.013542 0.012963
