1 0.119531 0.493519 0.010937 0.007407
0 0.217188 0.442593 0.014583 0.012963
1 0.254167 0.948148 0.009375 0.012963
0 0.357292 0.520370 0.051042 0.009259
2 0.389062 0.450926 0.070833 0.077778
2 0.456250 0.543519 0.196875 0.192593
2 0.479687 0.170370 0.033333 0.046296
1 0.551562 0.817593 0.004167 0.014815
0 0.591667 0.498148 0.023958 0.005556
1 0.654687 0.956481 0.012500 0.018519
2 0.756771 0.143519 0.075000 0.077778
0 0.746354 0.977778 0.012500 0.031481
0 0.843229 0.117130 0.010417 0.015741
1 0.886198 0.894444 0.019271 0.005556
