2 0.126042 0.209259 0.059375 0.087037
0 0.136458 0.960185 0.042708 0.011111
2 0.185156 0.880556 0.075521 0.037037
1 0.177344 0.648148 0.007812 0.005556
2 0.204427 0.237963 0.028646 0.051852
2 0.309896 0.265741 0.054167 0.048148
2 0.338021 0.190741 0.018750 0.057407
0 0.353646 0.265741 0.020833 0.059259
1 0.427083 0.332407 0.021875 0.007407
1 0.424219 0.272222 0.009896 0.005556
0 0.448437 0.881481 0.008333 0.009259
1 0.566927 0.300926 0.009896 0.007407
2 0.691146 0.325000 0.043750 0.085185
2 0.737500 0.441667 0.071875 0.074074
0 0.733073 0.222222 0.016146 0.094444
0 0.912500 0.720370 0.009375 0.027778
