2 0.053175 0.732422 0.101587 0.048828
0 0.092857 0.095703 0.047619 0.044922
0 0.105556 0.122070 0.063492 0.074219
1 0.146825 0.058594 0.015873 0.025391
0 0.192063 0.770508 0.023810 0.179688
2 0.237302 0.195312 0.069841 0.177734
1 0.269841 0.778320 0.017460 0.023438
0 0.301587 0.099609 0.033333 0.029297
0 0.384127 0.874023 0.046032 0.054688
2 0.469841 0.585938 0.020635 0.037109
0 0.531746 0.647461 0.046032 0.015625
1 0.608333 0.025391 0.015079 0.029297
1 0.612698 0.797852 0.014286 0.011719
0 0.620635 0.209961 0.020635 0.054688
1 0.773810 0.058594 0.050794 0.056641
2 0.803175 0.828125 0.087302 0.052734
2 0.845238 0.892578 0.136508 0.099609
0 0.918254 0.208008 0.031746 0.039062
