1 0.051190 0.446289 0.021429 0.019531
1 0.048413 0.678711 0.015873 0.015625
2 0.066667 0.165039 0.046032 0.136719
2 0.137302 0.785156 0.126984 0.259766
1 0.115079 0.175781 0.019048 0.017578
0 0.198413 0.395508 0.068254 0.031250
1 0.237302 0.269531 0.019048 0.033203
1 0.263492 0.166992 0.020635 0.035156
2 0.355556 0.138672 0.058730 0.072266
2 0.434921 0.726562 0.138095 0.103516
2 0.406349 0.122070 0.058730 0.121094
2 0.480952 0.353516 0.090476 0.099609
1 0.499206 0.342773 0.025397 0.027344
1 0.796032 0.748047 0.025397 0.029297
