2 0.060156 0.403704 0.073438 0.038889
0 0.050000 0.117593 0.026042 0.011111
0 0.143750 0.194444 0.055208 0.009259
0 0.280208 0.203704 0.007292 0.031481
0 0.318229 0.190741 0.047917 0.020370
2 0.346354 0.164815 0.020833 0.053704
2 0.420312 0.640741 0.087500 0.135185
2 0.491146 0.262037 0.087500 0.129630
0 0.462500 0.889815 0.028125 0.014815
0 0.542708 0.800926 0.038542 0.048148
0 0.721875 0.660185 0.030208 0.018519
0 0.747917 0.306481 0.046875 0.007407
0 0.820052 0.801852 0.011979 0.005556
0 0.859115 0.179630 0.019271 0.009259
