2 0.096354 0.775000 0.047917 0.074074
2 0.114062 0.139815 0.016667 0.044444
0 0.118229 0.762963 0.012500 0.075926
0 0.168750 0.396296 0.015625 0.038889
1 0.298958 0.358333 0.009375 0.007407
2 0.344271 0.388889 0.047917 0.094444
1 0.376042 0.748148 0.007292 0.012963
0 0.449479 0.812037 0.031250 0.029630
2 0.539583 0.521296 0.090625 0.311111
0 0.610417 0.811111 0.023958 0.009259
0 0.627604 0.174074 0.041667 0.046296
1 0.657552 0.713889 0.009896 0.007407
2 0.768229 0.537963 0.147917 0.077778
0 0.926302 0.556481 0.021354 0.025926
