0 0.079365 0.218750 0.049206 0.029297
2 0.130952 0.678711 0.117460 0.195312
2 0.116667 0.462891 0.031746 0.095703
0 0.154762 0.908203 0.028571 0.068359
0 0.190476 0.956055 0.039683 0.066406
0 0.266667 0.655273 0.046032 0.042969
0 0.280952 0.161133 0.065079 0.058594
2 0.456349 0.867188 0.126984 0.130859
2 0.465873 0.515625 0.130159 0.060547
0 0.445238 0.229492 0.034921 0.132812
0 0.452381 0.723633 0.026984 0.027344
2 0.602778 0.675781 0.064286 0.115234
2 0.684921 0.319336 0.066667 0.265625
2 0.915079 0.272461 0.060317 0.078125
