0 0.061905 0.233398 0.080952 0.050781
2 0.053175 0.590820 0.053968 0.019531
2 0.102381 0.150391 0.120635 0.080078
1 0.180952 0.319336 0.014286 0.019531
2 0.228571 0.504883 0.036508 0.089844
0 0.250794 0.239258 0.046032 0.132812
2 0.302381 0.573242 0.066667 0.203125
0 0.419048 0.957031 0.026984 0.068359
0 0.480952 0.858398 0.020635 0.019531
1 0.505556 0.626953 0.015873 0.013672
1 0.534921 0.711914 0.020635 0.027344
0 0.572222 0.238281 0.034921 0.056641
0 0.757937 0.449219 0.022222 0.017578
2 0.815079 0.371094 0.044444 0.076172
0 0.862698 0.395508 0.044444 0.082031
2 0.862698 0.558594 0.044444 0.048828
2 0.928571 0.368164 0.036508 0.062500
