1 0.024603 0.109375 0.009524 0.013672
1 0.053968 0.681641 0.011111 0.017578
0 0.123016 0.413086 0.060317 0.156250
1 0.120635 0.338867 0.020635 0.031250
2 0.157143 0.714844 0.039683 0.060547
0 0.169841 0.317871 0.058730 0.030273
0 0.215079 0.316406 0.031746 0.060547
2 0.281746 0.456055 0.126984 0.097656
2 0.261111 0.519531 0.073016 0.044922
2 0.400000 0.489258 0.280952 0.480469
1 0.304762 0.365234 0.017460 0.021484
0 0.364286 0.353516 0.038095 0.080078
2 0.555556 0.583008 0.046032 0.035156
1 0.558333 0.038086 0.026190 0.023438
0 0.607143 0.428711 0.063492 0.062500
1 0.582540 0.579102 0.011111 0.015625
2 0.750000 0.247070 0.031746 0.148438
2 0.789683 0.637695 0.066667 0.074219
0 0.811111 0.456055 0.039683 0.082031
2 0.841270 0.908203 0.077778 0.080078
