0 0.107292 0.740741 0.028125 0.016667
1 0.160417 0.641667 0.005208 0.014815
2 0.257812 0.503704 0.089583 0.046296
0 0.308333 0.896296 0.026042 0.024074
0 0.402083 0.243519 0.007292 0.033333
0 0.493229 0.552778 0.060417 0.025926
2 0.617708 0.438889 0.096875 0.053704
1 0.595313 0.440741 0.006250 0.009259
0 0.644792 0.804630 0.028125 0.037037
0 0.714583 0.840741 0.019792 0.016667
0 0.737500 0.966667 0.032292 0.020370
2 0.807292 0.820370 0.067708 0.061111
0 0.920312 0.515741 0.016667 0.033333
1 0.942448 0.963889 0.006771 0.014815
0 0.960938 0.863889 0.014583 0.088889
0 0.984375 0.407407 0.009375 0.035185
