0 0.053175 0.219727 0.015873 0.015625
2 0.171429 0.094727 0.071429 0.066406
2 0.184127 0.162109 0.065079 0.056641
2 0.272222 0.188477 0.161905 0.140625
0 0.208333 0.591797 0.024603 0.025391
1 0.328571 0.353516 0.023810 0.033203
0 0.421429 0.666992 0.069841 0.070312
2 0.591270 0.618164 0.279365 0.562500
2 0.512698 0.299805 0.077778 0.179688
2 0.697619 0.891602 0.047619 0.078125
0 0.717460 0.706055 0.046032 0.222656
1 0.771429 0.447266 0.007937 0.013672
2 0.788889 0.570312 0.030159 0.025391
2 0.854762 0.594727 0.120635 0.156250
0 0.950000 0.068359 0.041270 0.052734
