0 0.031746 0.532227 0.052381 0.023438
1 0.052381 0.042969 0.017460 0.017578
2 0.500000 0.244141 0.385714 0.212891
1 0.557937 0.622070 0.104762 0.085938
0 0.623016 0.409180 0.073016 0.066406
2 0.720635 0.651367 0.157143 0.113281
2 0.764286 0.742188 0.139683 0.162109
2 0.736508 0.178711 0.042857 0.058594
1 0.757937 0.978516 0.028571 0.029297
2 0.808730 0.578125 0.047619 0.068359
2 0.865079 0.782227 0.103175 0.218750
0 0.842063 0.040039 0.031746 0.039062
0 0.858730 0.108398 0.017460 0.062500
1 0.860317 0.323242 0.004762 0.019531
