0 0.038542 0.101852 0.017708 0.050000
2 0.168750 0.297222 0.059375 0.044444
2 0.258333 0.666667 0.073958 0.253704
2 0.338542 0.622222 0.046875 0.127778
1 0.381250 0.780556 0.007292 0.011111
2 0.513021 0.469444 0.216667 0.211111
2 0.601042 0.212037 0.338542 0.329630
0 0.614844 0.593519 0.028646 0.007407
2 0.626563 0.091667 0.037500 0.051852
2 0.654167 0.129630 0.013542 0.009259
2 0.711458 0.410185 0.023958 0.059259
2 0.838542 0.225926 0.044792 0.120370
1 0.833854 0.462963 0.018750 0.005556
2 0.889323 0.230556 0.039062 0.081481
0 0.949479 0.824074 0.050000 0.035185
