2 0.071354 0.642593 0.066667 0.098148
0 0.159896 0.422222 0.022917 0.020370
2 0.201563 0.231481 0.079167 0.124074
0 0.180729 0.653704 0.029167 0.005556
2 0.219792 0.906481 0.107292 0.081481
0 0.178906 0.100000 0.019271 0.009259
2 0.258333 0.297222 0.153125 0.044444
2 0.275000 0.818519 0.038542 0.105556
2 0.290104 0.476852 0.060417 0.088889
1 0.325521 0.480556 0.022917 0.007407
2 0.715625 0.787963 0.542708 0.325926
1 0.498698 0.197222 0.010937 0.007407
0 0.954688 0.064815 0.072917 0.012963
2 0.953906 0.671296 0.033854 0.029630
0 0.974479 0.316667 0.016667 0.035185
