0 0.039683 0.531250 0.026984 0.052734
1 0.073810 0.315430 0.041270 0.042969
1 0.081349 0.632812 0.005556 0.021484
2 0.141270 0.582031 0.039683 0.138672
1 0.200794 0.674805 0.044444 0.019531
2 0.242857 0.806641 0.115873 0.103516
2 0.292063 0.652344 0.115873 0.064453
2 0.338889 0.851562 0.047619 0.146484
2 0.635714 0.435547 0.111111 0.083984
2 0.761905 0.619141 0.280952 0.126953
1 0.630952 0.913086 0.012698 0.031250
2 0.840873 0.184570 0.092857 0.148438
1 0.838095 0.229492 0.017460 0.015625
1 0.852381 0.154297 0.023810 0.041016
0 0.862698 0.375977 0.041270 0.121094
0 0.882540 0.667969 0.020635 0.041016
1 0.950794 0.670898 0.023810 0.031250
