0 0.201563 0.875463 0.025000 0.025000
2 0.248177 0.492593 0.023438 0.031481
2 0.458854 0.685185 0.262500 0.257407
2 0.401042 0.780556 0.034375 0.081481
2 0.463021 0.675926 0.012500 0.031481
0 0.577865 0.588889 0.013021 0.005556
1 0.575521 0.842593 0.008333 0.016667
0 0.596354 0.012037 0.031250 0.018519
2 0.620313 0.284259 0.077083 0.059259
2 0.816146 0.201852 0.033333 0.098148
0 0.861458 0.046759 0.026042 0.026852
0 0.861458 0.325000 0.021875 0.044444
2 0.873698 0.587963 0.017188 0.051852
2 0.960417 0.847222 0.059375 0.033333
