0 0.092188 0.574074 0.041667 0.046296
2 0.267188 0.362037 0.260417 0.437037
0 0.171875 0.812037 0.021875 0.044444
0 0.240625 0.670370 0.009375 0.035185
0 0.337500 0.635185 0.019792 0.009259
2 0.630729 0.737037 0.514583 0.309259
0 0.411458 0.459259 0.023958 0.005556
1 0.506771 0.225926 0.025000 0.009259
0 0.535417 0.257407 0.048958 0.009259
2 0.710938 0.162037 0.075000 0.111111
0 0.705729 0.912037 0.020833 0.018519
0 0.730729 0.288889 0.025000 0.024074
0 0.818750 0.106019 0.019792 0.004630
0 0.935677 0.398148 0.009896 0.031481
