2 0.026302 0.546296 0.040104 0.083333
2 0.076302 0.112963 0.067187 0.175926
2 0.130990 0.381481 0.061979 0.168519
1 0.145833 0.743519 0.007292 0.011111
1 0.207292 0.472222 0.023958 0.009259
0 0.305729 0.174074 0.016667 0.098148
0 0.431250 0.662963 0.021875 0.009259
2 0.504687 0.208333 0.104167 0.155556
2 0.494792 0.300926 0.032292 0.077778
0 0.525521 0.226389 0.031250 0.012037
2 0.596875 0.822222 0.090625 0.068519
0 0.736458 0.326852 0.013542 0.085185
2 0.821354 0.423148 0.062500 0.092593
0 0.855729 0.586111 0.020833 0.059259
2 0.912760 0.132407 0.072396 0.037037
