1 0.022619 0.842773 0.018254 0.042969
0 0.253175 0.290039 0.031746 0.035156
1 0.252381 0.266602 0.014286 0.019531
0 0.311905 0.503906 0.019048 0.037109
2 0.434921 0.586914 0.122222 0.156250
1 0.550000 0.092773 0.015873 0.035156
1 0.580159 0.600586 0.019048 0.019531
2 0.657143 0.702148 0.134921 0.261719
1 0.628571 0.393555 0.065079 0.035156
2 0.817460 0.717773 0.058730 0.050781
2 0.906349 0.703125 0.144444 0.185547
1 0.853175 0.193359 0.009524 0.021484
1 0.907143 0.501953 0.009524 0.013672
1 0.957143 0.062500 0.014286 0.021484
1 0.973016 0.175781 0.020635 0.017578
