0 0.050521 0.083333 0.022917 0.009259
0 0.052604 0.627778 0.018750 0.009259
0 0.088802 0.283333 0.007812 0.053704
2 0.160417 0.251852 0.107292 0.161111
0 0.144271 0.818519 0.025000 0.024074
2 0.301042 0.193519 0.178125 0.174074
1 0.245833 0.875926 0.013542 0.009259
0 0.289583 0.074074 0.032292 0.020370
2 0.343750 0.735185 0.065625 0.072222
0 0.334115 0.206481 0.010937 0.007407
0 0.345052 0.584259 0.026562 0.007407
0 0.484375 0.614815 0.007292 0.031481
2 0.521875 0.140741 0.042708 0.038889
2 0.630208 0.199074 0.059375 0.059259
0 0.699479 0.477778 0.041667 0.027778
1 0.714844 0.942593 0.009896 0.005556
0 0.799479 0.637037 0.006250 0.024074
