2 0.070635 0.099609 0.088889 0.091797
2 0.053968 0.304688 0.055556 0.083984
1 0.187302 0.541016 0.017460 0.021484
0 0.287302 0.074219 0.134921 0.029297
0 0.231746 0.291992 0.014286 0.023438
1 0.254365 0.492188 0.008730 0.013672
2 0.475397 0.503906 0.101587 0.068359
2 0.557937 0.586914 0.041270 0.109375
2 0.615873 0.343750 0.106349 0.080078
1 0.617460 0.590332 0.042857 0.024414
0 0.619048 0.083984 0.033333 0.146484
2 0.756349 0.716797 0.101587 0.083984
0 0.761111 0.917969 0.041270 0.017578
2 0.794841 0.841797 0.083333 0.033203
1 0.842460 0.838379 0.019841 0.016602
0 0.854762 0.102539 0.034921 0.035156
