2 0.051302 0.377778 0.083854 0.042593
2 0.109896 0.307407 0.127083 0.038889
2 0.192188 0.616667 0.283333 0.461111
2 0.077865 0.525000 0.039062 0.081481
0 0.146875 0.953704 0.032292 0.012963
2 0.529167 0.448148 0.736458 0.442593
2 0.236979 0.602778 0.060417 0.033333
1 0.273958 0.962963 0.007292 0.009259
2 0.370833 0.738889 0.071875 0.064815
2 0.510938 0.327778 0.133333 0.172222
2 0.554688 0.746296 0.050000 0.024074
0 0.582292 0.870370 0.019792 0.024074
0 0.615104 0.718519 0.008333 0.042593
2 0.717708 0.497222 0.084375 0.092593
0 0.772917 0.257407 0.011458 0.057407
0 0.964063 0.621296 0.060417 0.025926
