1 0.049206 0.392578 0.020635 0.021484
1 0.067460 0.551758 0.025397 0.019531
2 0.209524 0.432617 0.049206 0.027344
0 0.280159 0.530273 0.053968 0.027344
2 0.352381 0.277344 0.163492 0.056641
2 0.330952 0.111328 0.088889 0.083984
2 0.319048 0.771484 0.065079 0.056641
1 0.322222 0.225586 0.007937 0.015625
1 0.407540 0.480469 0.013492 0.017578
1 0.435714 0.894531 0.019048 0.017578
1 0.489683 0.547852 0.012698 0.019531
1 0.520635 0.319336 0.020635 0.039062
0 0.541270 0.076172 0.017460 0.029297
0 0.642857 0.209961 0.042857 0.035156
1 0.837302 0.101562 0.019048 0.017578
1 0.857540 0.105957 0.021429 0.020508
1 0.979762 0.060547 0.011905 0.013672
