0 0.025000 0.968519 0.036458 0.020370
2 0.204687 0.931481 0.131250 0.038889
2 0.195833 0.163889 0.026042 0.062963
0 0.275521 0.313889 0.037500 0.022222
2 0.269271 0.258333 0.022917 0.055556
2 0.422135 0.503704 0.016146 0.050000
0 0.429167 0.553704 0.011458 0.005556
0 0.467448 0.833333 0.014063 0.079630
2 0.505208 0.324074 0.082292 0.283333
0 0.554167 0.960185 0.030208 0.059259
1 0.579688 0.155556 0.006250 0.009259
2 0.671875 0.779630 0.096875 0.335185
0 0.753125 0.562963 0.028125 0.035185
1 0.921615 0.959259 0.010937 0.009259
1 0.974479 0.651852 0.014583 0.005556
