2 0.048413 0.253906 0.066667 0.056641
2 0.071429 0.046875 0.036508 0.033203
2 0.164286 0.614258 0.158730 0.078125
0 0.111905 0.512695 0.028571 0.113281
1 0.398413 0.375977 0.179365 0.261719
2 0.521429 0.147461 0.212698 0.191406
1 0.438095 0.630859 0.033333 0.029297
0 0.497619 0.326172 0.053968 0.052734
0 0.509524 0.518555 0.033333 0.062500
1 0.580159 0.081055 0.025397 0.042969
2 0.769841 0.156250 0.084127 0.130859
0 0.800000 0.163086 0.020635 0.046875
0 0.852381 0.265625 0.068254 0.060547
0 0.864286 0.606445 0.047619 0.074219
0 0.966667 0.130859 0.036508 0.044922
