1 0.082812 0.812963 0.008333 0.012963
2 0.142187 0.350000 0.045833 0.050000
0 0.204167 0.348611 0.030208 0.034259
1 0.200521 0.675926 0.006250 0.009259
2 0.227604 0.529630 0.022917 0.068519
1 0.283333 0.113889 0.005208 0.011111
0 0.305729 0.796296 0.035417 0.020370
1 0.315625 0.769444 0.013542 0.011111
2 0.450521 0.232407 0.225000 0.222222
0 0.359375 0.739815 0.032292 0.029630
2 0.363542 0.667593 0.032292 0.066667
0 0.382812 0.788889 0.025000 0.009259
0 0.460417 0.245370 0.032292 0.029630
2 0.566667 0.477778 0.103125 0.053704
1 0.714583 0.875926 0.013542 0.009259
2 0.802083 0.762963 0.061458 0.098148
0 0.796354 0.387963 0.010417 0.055556
