1 0.004687 0.137037 0.008333 0.012963
2 0.309896 0.769444 0.225000 0.218519
0 0.313542 0.430556 0.028125 0.014815
2 0.375521 0.634259 0.075000 0.111111
0 0.402083 0.052778 0.011458 0.074074
2 0.445833 0.573148 0.034375 0.059259
2 0.475000 0.269444 0.071875 0.074074
2 0.564583 0.098148 0.065625 0.109259
2 0.636979 0.762037 0.039583 0.018519
0 0.667448 0.633333 0.020313 0.009259
0 0.683854 0.828704 0.029167 0.037037
0 0.690625 0.445833 0.032292 0.036111
2 0.706510 0.096296 0.022396 0.087037
1 0.842187 0.964815 0.004167 0.016667
0 0.888542 0.069444 0.028125 0.018519
2 0.945833 0.674074 0.065625 0.112963
