2 0.036508 0.783203 0.039683 0.072266
1 0.114286 0.703125 0.014286 0.025391
0 0.135714 0.627930 0.012698 0.042969
0 0.216667 0.437988 0.082540 0.051758
2 0.301587 0.538086 0.144444 0.230469
0 0.253175 0.243164 0.012698 0.027344
1 0.276190 0.602539 0.011111 0.011719
0 0.345238 0.180664 0.047619 0.089844
1 0.357937 0.498047 0.012698 0.021484
0 0.415873 0.601562 0.020635 0.087891
0 0.557937 0.607422 0.047619 0.044922
2 0.782937 0.722656 0.156349 0.091797
0 0.740476 0.052734 0.050794 0.033203
2 0.884127 0.853516 0.134921 0.083984
