1 0.057143 0.278320 0.011111 0.011719
0 0.135714 0.358398 0.009524 0.035156
1 0.148413 0.759766 0.015873 0.021484
0 0.253175 0.211914 0.101587 0.042969
0 0.238095 0.143555 0.052381 0.144531
1 0.286111 0.242188 0.011905 0.013672
1 0.496825 0.466797 0.049206 0.021484
2 0.597619 0.921875 0.209524 0.126953
1 0.674206 0.141602 0.007143 0.027344
1 0.702381 0.743164 0.025397 0.035156
2 0.834127 0.741211 0.022222 0.093750
2 0.860714 0.088867 0.056349 0.089844
1 0.869048 0.538086 0.031746 0.027344
2 0.910317 0.600586 0.063492 0.062500
