0 0.031771 0.025926 0.020833 0.009259
1 0.161458 0.444444 0.015625 0.005556
2 0.256771 0.819444 0.102083 0.085185
2 0.467708 0.279630 0.261458 0.438889
0 0.373958 0.810185 0.034375 0.037037
2 0.384635 0.421296 0.025521 0.033333
0 0.401562 0.787037 0.012500 0.031481
0 0.463542 0.918519 0.046875 0.031481
2 0.775521 0.462037 0.350000 0.340741
2 0.807813 0.519444 0.152083 0.044444
2 0.830729 0.342593 0.058333 0.050000
0 0.832812 0.965741 0.027083 0.011111
1 0.880208 0.288889 0.032292 0.009259
0 0.964063 0.665741 0.052083 0.037037
