2 0.032292 0.061111 0.057292 0.031481
2 0.120052 0.825000 0.038021 0.081481
0 0.142708 0.928704 0.015625 0.096296
2 0.208854 0.271296 0.079167 0.118519
1 0.198698 0.410185 0.010937 0.007407
0 0.302083 0.415741 0.034375 0.007407
2 0.390104 0.053704 0.110417 0.057407
2 0.576562 0.784259 0.162500 0.159259
2 0.575000 0.121296 0.155208 0.081481
2 0.570312 0.655556 0.027083 0.079630
2 0.683073 0.158333 0.065104 0.033333
2 0.777604 0.498148 0.077083 0.046296
0 0.758594 0.196296 0.011979 0.005556
2 0.812500 0.728704 0.061458 0.122222
2 0.885938 0.140741 0.041667 0.046296
0 0.875521 0.816667 0.014583 0.087037
0 0.941667 0.946296 0.013542 0.012963
