0 0.030556 0.485352 0.015079 0.007812
1 0.040476 0.099609 0.019048 0.033203
2 0.151587 0.834961 0.107937 0.160156
0 0.150000 0.872070 0.044444 0.039062
0 0.418254 0.427734 0.073016 0.060547
2 0.477778 0.281250 0.179365 0.224609
1 0.403968 0.228516 0.025397 0.029297
2 0.496032 0.708984 0.117460 0.076172
0 0.477778 0.785156 0.017460 0.017578
2 0.504762 0.844727 0.020635 0.042969
0 0.603175 0.887695 0.030159 0.050781
2 0.630952 0.560547 0.057143 0.068359
0 0.691270 0.907227 0.047619 0.031250
2 0.804762 0.596680 0.036508 0.054688
2 0.840476 0.344727 0.092063 0.203125
2 0.877778 0.649414 0.153968 0.167969
1 0.909524 0.847656 0.014286 0.013672
