0 0.046875 0.240741 0.021875 0.020370
2 0.075000 0.856481 0.069792 0.062963
2 0.532292 0.492593 0.809375 0.490741
0 0.163542 0.522222 0.038542 0.009259
0 0.202604 0.847222 0.012500 0.066667
0 0.329427 0.689815 0.007812 0.055556
2 0.388021 0.277778 0.027083 0.064815
2 0.479687 0.687037 0.031250 0.083333
2 0.669271 0.657407 0.291667 0.490741
2 0.639583 0.771296 0.048958 0.044444
0 0.719271 0.337037 0.041667 0.027778
0 0.771354 0.069444 0.012500 0.037037
0 0.797396 0.809259 0.027083 0.024074
0 0.817187 0.237037 0.010417 0.038889
2 0.874479 0.832407 0.070833 0.062963
2 0.891146 0.800000 0.085417 0.294444
1 0.879427 0.978704 0.014063 0.003704
0 0.959896 0.502778 0.052083 0.037037
