2 0.092708 0.847222 0.069792 0.240741
0 0.158854 0.927778 0.010417 0.009259
0 0.282813 0.475000 0.037500 0.022222
0 0.285938 0.546296 0.031250 0.020370
2 0.347396 0.227778 0.050000 0.024074
2 0.343750 0.660185 0.032292 0.066667
0 0.525000 0.774074 0.023958 0.005556
2 0.748437 0.412037 0.181250 0.303704
2 0.718750 0.123148 0.069792 0.070370
0 0.708333 0.494444 0.017708 0.050000
0 0.828646 0.545370 0.045833 0.029630
0 0.870833 0.922222 0.013542 0.038889
0 0.943229 0.470370 0.041667 0.012963
0 0.938021 0.781481 0.016667 0.009259
