2 0.184375 0.819444 0.296875 0.288889
2 0.055469 0.739815 0.036979 0.033333
2 0.490625 0.578704 0.813542 0.492593
2 0.252083 0.678704 0.198958 0.262963
0 0.189062 0.209259 0.020833 0.038889
0 0.233854 0.175000 0.045833 0.029630
2 0.323958 0.554630 0.096875 0.333333
2 0.482031 0.849074 0.071354 0.037037
2 0.514583 0.746296 0.119792 0.035185
2 0.504167 0.151852 0.021875 0.083333
0 0.507292 0.471296 0.026042 0.011111
0 0.614062 0.321296 0.010417 0.029630
0 0.671094 0.493519 0.025521 0.033333
0 0.852604 0.868519 0.054167 0.009259
