1 0.165079 0.770508 0.249206 0.179688
1 0.067063 0.885254 0.021429 0.016602
1 0.208730 0.592773 0.111111 0.097656
0 0.093651 0.087891 0.052381 0.083984
2 0.269841 0.789062 0.131746 0.083984
0 0.276190 0.031250 0.068254 0.029297
0 0.253968 0.146484 0.014286 0.072266
1 0.542857 0.638672 0.131746 0.134766
0 0.686508 0.557617 0.063492 0.109375
2 0.750000 0.250977 0.028571 0.039062
1 0.760317 0.505859 0.020635 0.021484
0 0.788095 0.749023 0.031746 0.050781
2 0.833333 0.112305 0.061905 0.128906
0 0.859127 0.387695 0.035714 0.074219
2 0.956746 0.931641 0.050000 0.091797
