2 0.034921 0.724609 0.046032 0.060547
2 0.213095 0.251953 0.286508 0.189453
0 0.119048 0.861328 0.026984 0.056641
2 0.161905 0.686523 0.039683 0.085938
2 0.250794 0.319336 0.109524 0.230469
1 0.233333 0.156250 0.020635 0.021484
0 0.411111 0.430664 0.052381 0.113281
0 0.459921 0.233398 0.011905 0.031250
2 0.565873 0.850586 0.085714 0.066406
2 0.591270 0.518555 0.120635 0.089844
0 0.596032 0.215820 0.053968 0.109375
2 0.724206 0.534180 0.072222 0.046875
0 0.711905 0.448242 0.012698 0.035156
2 0.783333 0.773438 0.073016 0.146484
2 0.776984 0.435547 0.053968 0.041016
0 0.838889 0.377930 0.025397 0.027344
1 0.840476 0.051758 0.015873 0.015625
1 0.888889 0.082031 0.020635 0.021484
