2 0.271429 0.418945 0.373016 0.296875
1 0.172222 0.964844 0.028571 0.025391
0 0.215873 0.761719 0.017460 0.021484
1 0.247619 0.095703 0.036508 0.025391
1 0.258730 0.821289 0.014286 0.027344
2 0.458730 0.471680 0.268254 0.492188
2 0.429365 0.525391 0.012698 0.013672
0 0.446032 0.863281 0.033333 0.025391
1 0.438889 0.936523 0.019048 0.011719
1 0.455159 0.661133 0.027778 0.105469
1 0.452381 0.037109 0.020635 0.005859
0 0.588889 0.644531 0.103175 0.025391
2 0.595635 0.097656 0.067460 0.134766
0 0.715476 0.333008 0.062698 0.050781
1 0.792063 0.416992 0.011111 0.023438
