0 0.022396 0.741204 0.016667 0.008333
0 0.072396 0.050000 0.016667 0.035185
0 0.107292 0.025926 0.032292 0.020370
2 0.136458 0.925926 0.061458 0.098148
1 0.204687 0.814815 0.027083 0.009259
0 0.230208 0.821296 0.019792 0.055556
2 0.274479 0.411111 0.043750 0.087037
0 0.282813 0.561111 0.052083 0.009259
0 0.555729 0.137963 0.077083 0.014815
2 0.608333 0.592593 0.180208 0.301852
0 0.665104 0.862037 0.031250 0.018519
0 0.721354 0.620370 0.006250 0.031481
0 0.795052 0.431481 0.019271 0.105556
0 0.828646 0.494444 0.020833 0.009259
1 0.871875 0.875926 0.023958 0.009259
