0 0.016927 0.909259 0.009896 0.031481
2 0.031510 0.493519 0.033854 0.074074
1 0.064583 0.826852 0.005208 0.011111
0 0.151562 0.654630 0.033333 0.029630
0 0.206771 0.704630 0.035417 0.007407
1 0.265625 0.682407 0.005208 0.022222
1 0.329688 0.011111 0.010417 0.016667
0 0.448437 0.888889 0.014583 0.012963
0 0.459896 0.231481 0.010417 0.009259
2 0.488542 0.484259 0.030208 0.081481
1 0.690625 0.485185 0.023958 0.005556
0 0.708594 0.314815 0.022396 0.005556
0 0.733333 0.970370 0.063542 0.009259
2 0.813021 0.300926 0.075000 0.111111
0 0.846094 0.849074 0.023438 0.029630
0 0.850000 0.415278 0.017708 0.004630
