2 0.586979 0.687963 0.750000 0.455556
0 0.229687 0.044444 0.022917 0.046296
2 0.295052 0.468519 0.060937 0.146296
1 0.346875 0.796296 0.007292 0.009259
2 0.424740 0.742593 0.041146 0.087037
2 0.444531 0.509259 0.019271 0.031481
2 0.535417 0.553704 0.078125 0.116667
1 0.688281 0.250926 0.006771 0.007407
0 0.691146 0.694444 0.010417 0.016667
2 0.771354 0.039815 0.075000 0.077778
2 0.780729 0.748148 0.066667 0.035185
2 0.775000 0.315741 0.019792 0.048148
2 0.839583 0.052778 0.017708 0.040741
1 0.917708 0.212963 0.011458 0.016667
