0 0.046875 0.145370 0.028125 0.007407
0 0.129167 0.316667 0.009375 0.024074
0 0.188542 0.237037 0.017708 0.050000
0 0.219531 0.501852 0.020313 0.009259
2 0.300781 0.723148 0.047396 0.129630
2 0.381250 0.719444 0.196875 0.192593
0 0.301563 0.911111 0.022917 0.020370
2 0.312500 0.131481 0.036458 0.050000
2 0.401562 0.262037 0.139583 0.074074
0 0.521875 0.761111 0.026042 0.024074
2 0.560417 0.242593 0.080208 0.275926
2 0.658854 0.482407 0.270833 0.266667
1 0.781250 0.489815 0.009375 0.014815
1 0.785156 0.197222 0.010937 0.007407
2 0.823958 0.462963 0.051042 0.083333
0 0.815625 0.025926 0.030208 0.009259
2 0.871354 0.925926 0.062500 0.057407
0 0.901042 0.668519 0.015625 0.038889
