0 0.023958 0.687963 0.028125 0.018519
0 0.045833 0.739815 0.007292 0.025926
2 0.141667 0.912037 0.071875 0.074074
0 0.158333 0.879630 0.044792 0.031481
1 0.187500 0.293056 0.007292 0.012037
2 0.245833 0.120370 0.017708 0.042593
2 0.339844 0.471296 0.022396 0.059259
2 0.391927 0.848148 0.038021 0.083333
1 0.384115 0.483333 0.010937 0.009259
0 0.432292 0.328704 0.017708 0.007407
0 0.520312 0.569444 0.031250 0.029630
0 0.671354 0.439815 0.027083 0.055556
2 0.728646 0.660185 0.062500 0.125926
1 0.738021 0.737037 0.006250 0.009259
2 0.775521 0.578704 0.043750 0.074074
