2 0.247396 0.466667 0.268750 0.264815
2 0.205729 0.292593 0.041667 0.087037
0 0.261458 0.454630 0.009375 0.025926
2 0.297917 0.196296 0.030208 0.072222
1 0.391667 0.945370 0.007292 0.022222
2 0.519792 0.832407 0.059375 0.059259
1 0.526563 0.770370 0.004167 0.020370
0 0.538542 0.688889 0.011458 0.012963
2 0.671875 0.766667 0.257292 0.250000
2 0.738021 0.361111 0.297917 0.498148
2 0.696875 0.312963 0.042708 0.090741
0 0.725260 0.555556 0.011979 0.005556
1 0.769792 0.681481 0.005208 0.020370
2 0.865104 0.050000 0.033333 0.079630
2 0.919271 0.855556 0.031250 0.083333
