2 0.232540 0.792969 0.136508 0.275391
0 0.297619 0.064453 0.053968 0.048828
2 0.433333 0.420898 0.290476 0.183594
2 0.376190 0.718750 0.173016 0.396484
2 0.356349 0.792969 0.120635 0.107422
0 0.317460 0.446289 0.017460 0.007812
0 0.419841 0.664062 0.034921 0.033203
0 0.451587 0.801758 0.050794 0.109375
1 0.557143 0.511719 0.020635 0.021484
1 0.603571 0.852539 0.016667 0.042969
1 0.644444 0.051758 0.061905 0.023438
0 0.732143 0.939453 0.024603 0.041016
0 0.769048 0.948242 0.031746 0.078125
2 0.890079 0.143555 0.062698 0.105469
2 0.930952 0.349609 0.063492 0.041016
0 0.938889 0.782227 0.044444 0.078125
0 0.962302 0.652344 0.045238 0.076172
2 0.957143 0.897461 0.036508 0.078125
