1 0.008730 0.029297 0.012698 0.021484
1 0.016667 0.354492 0.015873 0.011719
1 0.132540 0.422852 0.022222 0.019531
1 0.170635 0.211426 0.015873 0.008789
0 0.253968 0.511719 0.014286 0.048828
0 0.307540 0.034180 0.024603 0.042969
0 0.338889 0.265625 0.079365 0.037109
0 0.428571 0.831055 0.017460 0.027344
2 0.496825 0.416016 0.084127 0.509766
0 0.476984 0.717773 0.031746 0.058594
1 0.478571 0.772461 0.019048 0.031250
0 0.504762 0.548828 0.033333 0.021484
0 0.588095 0.630859 0.038095 0.080078
1 0.604762 0.578125 0.023810 0.041016
0 0.692063 0.210938 0.046032 0.083984
2 0.908730 0.127930 0.088889 0.113281
1 0.878968 0.051758 0.010317 0.031250
