2 0.160938 0.165741 0.314583 0.307407
2 0.115625 0.813889 0.211458 0.207407
2 0.025260 0.487963 0.028646 0.051852
0 0.041146 0.907407 0.039583 0.050000
2 0.081771 0.562037 0.083333 0.085185
0 0.068490 0.980556 0.022396 0.029630
0 0.159896 0.979630 0.018750 0.005556
1 0.191667 0.435185 0.019792 0.005556
0 0.347917 0.175000 0.023958 0.048148
0 0.383073 0.285185 0.065104 0.027778
0 0.416146 0.058333 0.022917 0.022222
2 0.502083 0.165741 0.182292 0.177778
2 0.472656 0.403704 0.026562 0.057407
2 0.530208 0.587037 0.042708 0.046296
0 0.759375 0.801852 0.011458 0.057407
0 0.779948 0.365741 0.042188 0.048148
0 0.850521 0.508333 0.010417 0.051852
