0 0.033333 0.043981 0.026042 0.006481
2 0.491146 0.291667 0.933333 0.566667
1 0.046615 0.328704 0.013021 0.003704
0 0.156250 0.220370 0.030208 0.061111
0 0.319271 0.861111 0.020833 0.009259
0 0.326042 0.082407 0.017708 0.007407
0 0.375521 0.579630 0.039583 0.027778
2 0.517188 0.437037 0.258333 0.431481
2 0.446875 0.223148 0.067708 0.111111
1 0.455729 0.422222 0.010417 0.016667
0 0.485417 0.333333 0.019792 0.009259
0 0.496875 0.352778 0.011458 0.059259
1 0.558594 0.525926 0.005729 0.012963
2 0.800000 0.654630 0.163542 0.274074
0 0.830208 0.811111 0.026042 0.016667
0 0.917188 0.347222 0.010417 0.037037
0 0.972917 0.025926 0.015625 0.009259
