2 0.069841 0.761719 0.065079 0.150391
0 0.089683 0.200195 0.041270 0.042969
1 0.149206 0.718750 0.052381 0.017578
1 0.221429 0.962891 0.022222 0.013672
0 0.261111 0.857422 0.042857 0.064453
2 0.345238 0.570312 0.050794 0.064453
2 0.362698 0.432617 0.038095 0.140625
1 0.376587 0.561523 0.021429 0.027344
2 0.523016 0.357422 0.041270 0.052734
0 0.598413 0.599609 0.052381 0.048828
1 0.660317 0.917969 0.061905 0.017578
1 0.660317 0.527344 0.023810 0.044922
2 0.764286 0.140625 0.092063 0.060547
2 0.786508 0.329102 0.044444 0.109375
0 0.884524 0.738281 0.043651 0.142578
2 0.938889 0.861328 0.098413 0.056641
1 0.926190 0.486328 0.009524 0.017578
