2 0.084921 0.896484 0.104762 0.068359
2 0.378571 0.638672 0.107937 0.083984
0 0.357937 0.161133 0.063492 0.031250
1 0.350000 0.517578 0.019048 0.017578
1 0.357937 0.942383 0.019048 0.027344
0 0.392857 0.789062 0.031746 0.033203
0 0.473016 0.183594 0.061905 0.080078
2 0.514286 0.887695 0.046032 0.078125
2 0.545238 0.303711 0.066667 0.062500
0 0.569841 0.710938 0.074603 0.115234
2 0.576984 0.517578 0.085714 0.107422
0 0.711111 0.625000 0.061905 0.056641
1 0.798413 0.627930 0.071429 0.156250
2 0.874603 0.636719 0.049206 0.072266
1 0.928571 0.570312 0.065079 0.017578
0 0.926984 0.532227 0.026984 0.035156
