2 0.204687 0.835185 0.272917 0.268519
0 0.075521 0.292593 0.012500 0.020370
0 0.128125 0.894444 0.028125 0.027778
0 0.206771 0.246296 0.010417 0.009259
0 0.364583 0.022222 0.042708 0.027778
2 0.377604 0.648148 0.064583 0.050000
0 0.365104 0.497222 0.029167 0.014815
0 0.541667 0.749074 0.015625 0.044444
0 0.594271 0.675926 0.008333 0.042593
0 0.716667 0.961111 0.053125 0.024074
0 0.715104 0.664815 0.037500 0.024074
0 0.703125 0.532407 0.015625 0.014815
1 0.723437 0.852778 0.004167 0.018519
0 0.824479 0.074537 0.020833 0.041667
