2 0.276190 0.713867 0.115873 0.144531
2 0.396825 0.575195 0.280952 0.453125
2 0.411111 0.513672 0.080952 0.037109
1 0.376190 0.582031 0.011111 0.013672
0 0.402381 0.585938 0.044444 0.041016
2 0.484127 0.062500 0.093651 0.115234
2 0.517857 0.820312 0.146825 0.103516
1 0.533333 0.272461 0.065079 0.019531
2 0.579365 0.120117 0.080952 0.085938
2 0.577778 0.644531 0.049206 0.107422
0 0.688095 0.139648 0.038095 0.035156
0 0.689683 0.654297 0.022222 0.044922
0 0.738889 0.695312 0.022222 0.099609
2 0.793651 0.832031 0.090476 0.126953
2 0.799206 0.191406 0.031746 0.095703
0 0.836508 0.354492 0.061905 0.019531
0 0.829365 0.852539 0.025397 0.007812
1 0.940476 0.334961 0.041270 0.035156
