2 0.120635 0.464844 0.068254 0.056641
1 0.235714 0.162109 0.130159 0.091797
1 0.298413 0.852539 0.007937 0.027344
2 0.470635 0.260742 0.149206 0.304688
2 0.587698 0.568359 0.207143 0.119141
0 0.523016 0.462891 0.057143 0.037109
0 0.585714 0.949219 0.042857 0.037109
1 0.604762 0.686523 0.017460 0.050781
0 0.661905 0.858398 0.052381 0.105469
2 0.721429 0.610352 0.057143 0.082031
2 0.765079 0.785156 0.077778 0.111328
1 0.863492 0.203125 0.055556 0.087891
1 0.861111 0.951172 0.009524 0.009766
1 0.961111 0.481445 0.009524 0.015625
