0 0.207143 0.340820 0.146032 0.187500
1 0.191270 0.897461 0.019048 0.007812
2 0.226190 0.201172 0.066667 0.212891
0 0.223810 0.487305 0.033333 0.042969
2 0.402381 0.695312 0.104762 0.115234
0 0.412698 0.296875 0.017460 0.064453
1 0.421429 0.306641 0.009524 0.009766
2 0.509524 0.049805 0.036508 0.085938
2 0.651587 0.290039 0.212698 0.171875
1 0.573016 0.714844 0.017460 0.021484
1 0.670635 0.392578 0.025397 0.025391
0 0.680159 0.625000 0.041270 0.044922
0 0.738889 0.466797 0.053968 0.021484
0 0.894048 0.488770 0.094444 0.192383
2 0.908730 0.708008 0.015873 0.062500
