0 0.032540 0.601562 0.019048 0.052734
0 0.061111 0.204102 0.028571 0.027344
2 0.133333 0.270020 0.106349 0.110352
0 0.160714 0.651367 0.035714 0.027344
2 0.207937 0.227539 0.049206 0.035156
1 0.319048 0.851074 0.014286 0.010742
0 0.350000 0.161133 0.015873 0.019531
1 0.359127 0.476562 0.016667 0.021484
0 0.442857 0.243164 0.087302 0.074219
0 0.434921 0.016602 0.026984 0.023438
2 0.522222 0.666992 0.046032 0.074219
2 0.608730 0.285156 0.196825 0.412109
1 0.611111 0.573242 0.046032 0.105469
0 0.588889 0.306641 0.023810 0.029297
1 0.636508 0.088867 0.080952 0.042969
2 0.767460 0.335938 0.104762 0.044922
0 0.808730 0.510742 0.019048 0.031250
