1 0.196354 0.332407 0.020833 0.007407
2 0.318750 0.759259 0.136458 0.179630
2 0.401042 0.710185 0.215625 0.211111
1 0.321615 0.939815 0.010937 0.007407
0 0.380729 0.991667 0.027083 0.007407
2 0.420052 0.860185 0.026562 0.048148
0 0.431771 0.265741 0.033333 0.018519
0 0.539583 0.253704 0.032292 0.016667
2 0.634115 0.207407 0.039062 0.083333
0 0.696354 0.050000 0.016667 0.046296
2 0.775521 0.360185 0.060417 0.088889
0 0.761458 0.550000 0.017708 0.016667
0 0.819792 0.830556 0.011458 0.025926
2 0.844271 0.868519 0.054167 0.053704
0 0.879167 0.858333 0.009375 0.059259
2 0.938542 0.083333 0.046875 0.046296
0 0.941146 0.555556 0.027083 0.024074
