1 0.025397 0.926758 0.017460 0.011719
0 0.046032 0.866211 0.020635 0.042969
2 0.331746 0.271484 0.230159 0.357422
2 0.298413 0.585938 0.058730 0.044922
0 0.343651 0.414062 0.028571 0.103516
0 0.353175 0.715332 0.038095 0.012695
1 0.405556 0.564453 0.012698 0.021484
0 0.477778 0.588867 0.055556 0.062500
2 0.485317 0.179688 0.057937 0.087891
0 0.523810 0.490234 0.052381 0.076172
0 0.577778 0.431641 0.033333 0.041016
0 0.650000 0.755859 0.034921 0.025391
2 0.670635 0.116211 0.044444 0.046875
0 0.793651 0.691406 0.052381 0.017578
1 0.790476 0.356445 0.026984 0.019531
