2 0.033333 0.959259 0.061458 0.061111
0 0.035417 0.066667 0.023958 0.009259
0 0.067708 0.371296 0.065625 0.011111
0 0.064583 0.770370 0.009375 0.027778
1 0.114062 0.748148 0.008333 0.009259
0 0.140104 0.862037 0.052083 0.037037
2 0.189062 0.840741 0.100000 0.075926
0 0.216667 0.193519 0.009375 0.025926
0 0.534375 0.920370 0.026042 0.009259
2 0.563542 0.783333 0.053125 0.105556
2 0.591667 0.451852 0.061458 0.061111
0 0.588021 0.157407 0.018750 0.009259
0 0.616146 0.516667 0.010417 0.038889
0 0.688021 0.515741 0.060417 0.025926
0 0.743229 0.880093 0.025000 0.026852
1 0.868229 0.750926 0.008333 0.025926
0 0.928125 0.732870 0.011458 0.017593
