2 0.043229 0.345370 0.031250 0.092593
2 0.096875 0.885185 0.067708 0.101852
2 0.164323 0.389815 0.022396 0.048148
1 0.189583 0.662963 0.019792 0.005556
2 0.196354 0.398148 0.027083 0.072222
0 0.206771 0.972222 0.039583 0.027778
2 0.251563 0.650926 0.110417 0.162963
1 0.239583 0.153704 0.009375 0.012963
0 0.309375 0.694444 0.046875 0.020370
2 0.416146 0.600926 0.062500 0.103704
2 0.445312 0.487963 0.087500 0.137037
0 0.636979 0.943056 0.031250 0.034259
1 0.637240 0.605556 0.013021 0.016667
1 0.643750 0.171296 0.011458 0.007407
2 0.760677 0.654630 0.023438 0.051852
0 0.798438 0.941667 0.081250 0.014815
1 0.935677 0.301852 0.005729 0.009259
