1 0.026984 0.678711 0.036508 0.011719
2 0.053968 0.722656 0.026984 0.068359
1 0.106349 0.625000 0.026984 0.080078
2 0.195238 0.678711 0.055556 0.054688
0 0.255952 0.345703 0.040476 0.025391
1 0.288889 0.677734 0.023810 0.017578
1 0.330952 0.768555 0.006349 0.011719
0 0.443651 0.172852 0.019048 0.042969
1 0.634921 0.285156 0.131746 0.173828
1 0.525397 0.504883 0.011111 0.035156
1 0.550397 0.875000 0.013492 0.017578
2 0.651587 0.842773 0.136508 0.187500
0 0.603968 0.844727 0.025397 0.070312
0 0.676984 0.070312 0.031746 0.041016
0 0.914286 0.164062 0.026984 0.068359
