2 0.114062 0.240741 0.175000 0.290741
0 0.111979 0.887963 0.041667 0.011111
2 0.117708 0.662963 0.030208 0.090741
2 0.130729 0.198148 0.050000 0.024074
0 0.282552 0.526852 0.011979 0.037037
2 0.293229 0.638889 0.020833 0.053704
2 0.394271 0.375000 0.068750 0.055556
2 0.414583 0.530556 0.103125 0.029630
2 0.500521 0.413889 0.208333 0.351852
2 0.492188 0.491667 0.008333 0.014815
2 0.507292 0.357407 0.011458 0.046296
1 0.530208 0.706481 0.021875 0.007407
0 0.621875 0.723148 0.080208 0.014815
2 0.630469 0.865741 0.063021 0.170370
1 0.677344 0.155556 0.009896 0.009259
0 0.703906 0.367593 0.006771 0.051852
1 0.981771 0.454630 0.027083 0.011111
