0 0.050000 0.692593 0.040625 0.046296
2 0.446875 0.256481 0.826042 0.500000
2 0.129688 0.200000 0.006250 0.012963
0 0.140104 0.632407 0.012500 0.066667
1 0.209896 0.758333 0.006250 0.025926
2 0.395833 0.467593 0.101042 0.059259
0 0.418229 0.326852 0.014583 0.040741
2 0.467708 0.768519 0.082292 0.127778
0 0.450000 0.180556 0.019792 0.033333
0 0.518490 0.132407 0.018229 0.103704
2 0.726562 0.588889 0.075000 0.124074
0 0.746615 0.328704 0.042188 0.048148
0 0.783854 0.110185 0.041667 0.018519
0 0.793750 0.708796 0.023958 0.025000
0 0.959896 0.611111 0.010417 0.038889
1 0.994792 0.613889 0.005208 0.011111
