2 0.172396 0.847222 0.289583 0.281481
0 0.121875 0.261111 0.059375 0.024074
1 0.117448 0.539815 0.006771 0.014815
1 0.254688 0.145370 0.004167 0.018519
0 0.471875 0.297222 0.009375 0.062963
1 0.595313 0.312963 0.010417 0.016667
2 0.766146 0.286111 0.089583 0.140741
0 0.761458 0.104630 0.021875 0.044444
0 0.761979 0.925926 0.014583 0.042593
0 0.794271 0.224074 0.008333 0.031481
0 0.875521 0.645370 0.081250 0.014815
2 0.941927 0.957407 0.022396 0.038889
1 0.939583 0.549074 0.005208 0.022222
0 0.988542 0.492593 0.019792 0.024074
