2 0.192063 0.666016 0.134921 0.091797
0 0.228571 0.081055 0.036508 0.046875
2 0.250794 0.626953 0.036508 0.017578
1 0.253968 0.660156 0.020635 0.009766
2 0.302381 0.648438 0.073016 0.064453
0 0.302381 0.791016 0.022222 0.025391
0 0.360317 0.181641 0.055556 0.056641
0 0.420635 0.666992 0.026984 0.011719
0 0.458730 0.470703 0.058730 0.091797
1 0.448413 0.836914 0.019048 0.027344
1 0.454365 0.124023 0.015079 0.015625
0 0.732143 0.302734 0.076984 0.033203
0 0.828175 0.539062 0.035714 0.037109
0 0.850000 0.858398 0.022222 0.046875
1 0.930159 0.688477 0.007937 0.015625
