0 0.142857 0.825195 0.020635 0.062500
2 0.329365 0.437500 0.346032 0.380859
2 0.328571 0.695312 0.303175 0.166016
2 0.299206 0.426758 0.238095 0.546875
1 0.229365 0.454102 0.015873 0.023438
2 0.299206 0.203125 0.057143 0.091797
2 0.370635 0.602539 0.161905 0.148438
2 0.392063 0.808594 0.139683 0.115234
2 0.434127 0.813477 0.149206 0.066406
2 0.456349 0.462891 0.123810 0.138672
1 0.519841 0.251953 0.063492 0.173828
2 0.461111 0.598633 0.038095 0.070312
0 0.588889 0.929688 0.077778 0.119141
0 0.588889 0.643555 0.033333 0.058594
0 0.736508 0.777344 0.055556 0.154297
0 0.763492 0.906250 0.026984 0.025391
0 0.762698 0.765625 0.015873 0.052734
0 0.810317 0.623047 0.038095 0.029297
1 0.886508 0.349609 0.041270 0.060547
