1 0.026984 0.637695 0.020635 0.023438
1 0.108730 0.049805 0.012698 0.019531
1 0.141270 0.946289 0.011111 0.011719
2 0.178571 0.276367 0.047619 0.093750
2 0.305556 0.146484 0.123810 0.076172
2 0.319841 0.399414 0.139683 0.191406
0 0.268254 0.877930 0.017460 0.042969
2 0.311905 0.512695 0.053968 0.113281
0 0.419841 0.527344 0.025397 0.029297
2 0.550794 0.589844 0.182540 0.107422
0 0.498413 0.933594 0.030159 0.060547
2 0.606746 0.708984 0.148413 0.166016
2 0.638889 0.612305 0.025397 0.031250
2 0.775397 0.749023 0.174603 0.171875
1 0.786508 0.514648 0.012698 0.019531
0 0.834127 0.297852 0.076190 0.039062
0 0.849206 0.118164 0.049206 0.082031
2 0.930159 0.737305 0.061905 0.039062
0 0.944444 0.583984 0.020635 0.060547
