2 0.077083 0.496759 0.020833 0.045370
0 0.115104 0.200926 0.029167 0.037037
1 0.119531 0.669444 0.015104 0.003704
2 0.142708 0.730556 0.059375 0.033333
2 0.196875 0.398148 0.080208 0.275926
0 0.283854 0.744444 0.029167 0.005556
0 0.320312 0.625926 0.008333 0.042593
1 0.345313 0.196296 0.008333 0.012963
2 0.375000 0.745370 0.067708 0.133333
0 0.473958 0.433333 0.042708 0.012963
0 0.528125 0.426852 0.055208 0.025926
2 0.724479 0.520370 0.258333 0.431481
2 0.663542 0.087037 0.078125 0.116667
2 0.797917 0.198148 0.048958 0.075926
2 0.866667 0.654630 0.092708 0.025926
2 0.924479 0.475926 0.031250 0.090741
2 0.953125 0.804630 0.057292 0.088889
0 0.971875 0.212037 0.036458 0.011111
