2 0.159896 0.349074 0.054167 0.085185
2 0.266667 0.753704 0.221875 0.372222
1 0.178125 0.019444 0.005208 0.022222
2 0.291146 0.373148 0.183333 0.177778
1 0.241146 0.682407 0.008333 0.022222
2 0.327865 0.265741 0.056771 0.029630
0 0.372396 0.549074 0.029167 0.059259
2 0.437500 0.445370 0.046875 0.081481
0 0.441667 0.317593 0.030208 0.059259
2 0.493750 0.387037 0.021875 0.057407
1 0.627083 0.222222 0.011458 0.024074
2 0.729167 0.289815 0.017708 0.040741
0 0.792708 0.449074 0.055208 0.037037
0 0.795312 0.879630 0.014583 0.042593
0 0.954167 0.349074 0.026042 0.051852
