2 0.032937 0.684570 0.057937 0.144531
2 0.132540 0.520508 0.130159 0.156250
1 0.272222 0.295410 0.015873 0.016602
1 0.315079 0.634766 0.073016 0.013672
0 0.358730 0.489258 0.020635 0.039062
2 0.434127 0.135742 0.025397 0.050781
2 0.551587 0.264648 0.053968 0.058594
2 0.605556 0.539062 0.092063 0.193359
0 0.657937 0.171875 0.057143 0.052734
2 0.662698 0.919922 0.060317 0.103516
0 0.770635 0.350586 0.038095 0.031250
0 0.784127 0.074219 0.058730 0.056641
1 0.764286 0.182617 0.019048 0.031250
1 0.965873 0.966797 0.019048 0.013672
