0 0.161111 0.704102 0.063492 0.042969
2 0.222222 0.369141 0.144444 0.298828
1 0.247619 0.915039 0.106349 0.035156
2 0.273413 0.162109 0.050000 0.068359
0 0.485317 0.664062 0.034127 0.029297
0 0.488889 0.894531 0.020635 0.111328
0 0.542460 0.411133 0.035714 0.042969
0 0.601587 0.459961 0.055556 0.050781
2 0.651587 0.333984 0.139683 0.142578
1 0.619048 0.293945 0.017460 0.007812
2 0.725397 0.643555 0.039683 0.097656
0 0.730952 0.391602 0.044444 0.070312
1 0.762698 0.681641 0.015873 0.013672
1 0.932937 0.868164 0.010317 0.007812
