0 0.105556 0.726562 0.053968 0.064453
0 0.224603 0.243164 0.041270 0.070312
0 0.234921 0.931641 0.049206 0.056641
1 0.333730 0.580566 0.029365 0.020508
0 0.404762 0.605469 0.065079 0.080078
2 0.479365 0.717285 0.166667 0.188477
0 0.476190 0.513672 0.039683 0.033203
2 0.491270 0.778320 0.028571 0.027344
2 0.526190 0.380859 0.069841 0.115234
1 0.574603 0.634766 0.100000 0.142578
1 0.511111 0.868164 0.011111 0.011719
2 0.883333 0.875977 0.177778 0.121094
1 0.812698 0.057617 0.007937 0.011719
2 0.913889 0.148438 0.045238 0.029297
