0 0.033854 0.898148 0.031250 0.016667
0 0.044792 0.484259 0.032292 0.029630
2 0.080469 0.846296 0.020313 0.061111
2 0.166146 0.705556 0.154167 0.201852
0 0.145313 0.108333 0.068750 0.011111
0 0.214583 0.100926 0.028125 0.014815
1 0.333073 0.210185 0.010937 0.007407
0 0.476562 0.925000 0.079167 0.014815
0 0.577083 0.706481 0.034375 0.014815
0 0.752083 0.546296 0.042708 0.012963
2 0.828646 0.043519 0.075000 0.044444
0 0.902083 0.315741 0.034375 0.014815
0 0.939063 0.729630 0.045833 0.020370
1 0.936458 0.377315 0.011458 0.006481
