1 0.036719 0.688889 0.018229 0.005556
1 0.101562 0.250926 0.006250 0.025926
1 0.143750 0.031481 0.013542 0.020370
1 0.173437 0.522222 0.006250 0.009259
1 0.331771 0.079630 0.027083 0.009259
1 0.357292 0.196296 0.007292 0.005556
2 0.409375 0.494444 0.073958 0.253704
0 0.400521 0.129630 0.025000 0.005556
1 0.499219 0.136111 0.011979 0.007407
0 0.514583 0.106944 0.040625 0.043519
1 0.603646 0.817593 0.012500 0.033333
1 0.710417 0.313889 0.011458 0.018519
2 0.807813 0.682407 0.191667 0.188889
0 0.724219 0.501852 0.020313 0.005556
1 0.979948 0.050000 0.006771 0.005556
