1 0.063492 0.819336 0.026984 0.027344
2 0.160317 0.788086 0.150794 0.191406
1 0.098413 0.544922 0.020635 0.021484
0 0.143651 0.500977 0.019048 0.015625
2 0.458730 0.159180 0.192063 0.113281
2 0.503968 0.660156 0.101587 0.189453
2 0.536508 0.307617 0.084127 0.058594
2 0.555556 0.897461 0.122222 0.113281
0 0.588095 0.584961 0.012698 0.023438
0 0.673810 0.362305 0.044444 0.015625
1 0.709524 0.750000 0.017460 0.013672
0 0.716270 0.424805 0.021429 0.019531
2 0.748413 0.406250 0.047619 0.138672
0 0.771429 0.936523 0.033333 0.042969
0 0.803968 0.162109 0.063492 0.041016
1 0.818254 0.020996 0.028571 0.018555
2 0.819048 0.326172 0.011111 0.041016
0 0.914286 0.364258 0.090476 0.062500
