0 0.042063 0.357422 0.022222 0.037109
2 0.167460 0.497070 0.168254 0.097656
0 0.143651 0.247070 0.028571 0.070312
2 0.314286 0.656250 0.287302 0.521484
0 0.271429 0.593750 0.023810 0.029297
2 0.327778 0.443359 0.057143 0.166016
0 0.690476 0.307617 0.033333 0.046875
1 0.750000 0.870117 0.022222 0.015625
0 0.796032 0.806641 0.098413 0.048828
2 0.790079 0.755859 0.064286 0.099609
2 0.921429 0.171875 0.133333 0.173828
0 0.886508 0.873047 0.041270 0.060547
2 0.931746 0.517578 0.042857 0.076172
1 0.936508 0.374023 0.046032 0.046875
