1 0.059127 0.958008 0.015079 0.042969
2 0.182540 0.162109 0.058730 0.103516
2 0.186508 0.500000 0.047619 0.138672
2 0.284127 0.139648 0.230159 0.136719
1 0.236508 0.521484 0.007937 0.029297
0 0.284127 0.089844 0.055556 0.068359
2 0.593651 0.414062 0.407937 0.662109
2 0.483333 0.124023 0.022222 0.031250
2 0.500000 0.846680 0.036508 0.070312
0 0.573810 0.529785 0.073016 0.020508
2 0.622222 0.041016 0.042857 0.041016
2 0.643651 0.407227 0.022222 0.074219
0 0.712698 0.690430 0.030159 0.023438
2 0.786508 0.589844 0.053968 0.130859
2 0.873810 0.849609 0.209524 0.146484
1 0.853175 0.277344 0.136508 0.134766
