0 0.042063 0.969727 0.019048 0.023438
2 0.122222 0.192383 0.087302 0.125000
0 0.122222 0.611328 0.052381 0.072266
1 0.255556 0.944336 0.011111 0.015625
2 0.387302 0.379883 0.185714 0.527344
1 0.351587 0.662109 0.047619 0.041016
0 0.378571 0.785156 0.038095 0.052734
2 0.432540 0.684570 0.041270 0.105469
1 0.470635 0.099609 0.022222 0.005859
2 0.703175 0.797852 0.392063 0.097656
1 0.640476 0.202148 0.019048 0.015625
1 0.692063 0.908203 0.011111 0.017578
1 0.727778 0.252930 0.034921 0.007812
2 0.788889 0.529297 0.087302 0.044922
