1 0.075397 0.280273 0.057143 0.046875
2 0.144444 0.645508 0.188889 0.183594
0 0.093651 0.958008 0.049206 0.046875
1 0.095238 0.530273 0.039683 0.046875
0 0.255556 0.330078 0.153968 0.130859
0 0.193651 0.845703 0.023810 0.083984
2 0.499206 0.602539 0.076190 0.230469
0 0.553968 0.660156 0.077778 0.041016
2 0.669841 0.650391 0.052381 0.099609
0 0.715079 0.826172 0.079365 0.033203
0 0.786905 0.834961 0.057937 0.042969
2 0.857143 0.451172 0.141270 0.169922
0 0.830159 0.758789 0.061905 0.062500
1 0.853968 0.666016 0.011111 0.013672
2 0.873810 0.331055 0.034921 0.097656
2 0.899206 0.671875 0.047619 0.044922
1 0.940476 0.296875 0.022222 0.025391
1 0.972222 0.436523 0.028571 0.031250
