1 0.044048 0.848633 0.045238 0.078125
1 0.027778 0.902344 0.012698 0.013672
2 0.189683 0.723633 0.104762 0.125000
0 0.178571 0.664062 0.015873 0.025391
2 0.214286 0.249023 0.052381 0.031250
2 0.300000 0.311523 0.131746 0.074219
0 0.269841 0.808594 0.052381 0.072266
1 0.329762 0.134277 0.016667 0.006836
2 0.457143 0.589844 0.115873 0.083984
2 0.453175 0.466797 0.079365 0.083984
0 0.544444 0.413086 0.014286 0.019531
2 0.637302 0.521484 0.130159 0.126953
0 0.743254 0.809570 0.010317 0.023438
0 0.771032 0.434570 0.054762 0.187500
2 0.909524 0.163086 0.046032 0.097656
0 0.957143 0.791016 0.061905 0.041016
0 0.952381 0.170898 0.020635 0.015625
