2 0.059524 0.730469 0.038095 0.064453
0 0.111905 0.632812 0.038095 0.064453
2 0.192857 0.813477 0.149206 0.308594
2 0.155556 0.463867 0.049206 0.144531
1 0.174603 0.544922 0.007937 0.013672
0 0.197619 0.306641 0.050794 0.021484
0 0.200794 0.575195 0.041270 0.035156
2 0.315079 0.907227 0.146032 0.101562
0 0.316667 0.413086 0.098413 0.078125
0 0.419048 0.183594 0.026984 0.083984
2 0.605556 0.226562 0.063492 0.162109
2 0.676984 0.459961 0.155556 0.148438
0 0.684127 0.800781 0.036508 0.076172
1 0.817460 0.761719 0.014286 0.013672
1 0.848413 0.101562 0.025397 0.048828
0 0.929762 0.137695 0.043651 0.050781
0 0.948413 0.084961 0.019048 0.062500
