2 0.102381 0.339844 0.034921 0.064453
0 0.148413 0.367188 0.079365 0.052734
2 0.216270 0.746094 0.196032 0.169922
2 0.302381 0.425781 0.142857 0.130859
1 0.285317 0.198242 0.046825 0.011719
1 0.273810 0.600586 0.009524 0.011719
1 0.308730 0.350098 0.069841 0.020508
2 0.373810 0.779297 0.177778 0.240234
2 0.339683 0.619141 0.026984 0.060547
2 0.484921 0.783203 0.161905 0.169922
2 0.527778 0.575195 0.155556 0.046875
2 0.651587 0.721680 0.126984 0.078125
0 0.708730 0.879883 0.034921 0.164062
1 0.736508 0.702637 0.026984 0.010742
2 0.781746 0.486328 0.031746 0.087891
