0 0.047619 0.170898 0.058730 0.066406
2 0.057937 0.857422 0.060317 0.056641
0 0.097619 0.664062 0.034921 0.041016
0 0.112698 0.259766 0.039683 0.111328
2 0.240476 0.408203 0.123810 0.224609
1 0.323810 0.971680 0.007937 0.015625
2 0.412698 0.412109 0.173016 0.103516
2 0.491270 0.645508 0.326984 0.519531
1 0.405556 0.880859 0.012698 0.013672
2 0.444841 0.250000 0.040476 0.072266
2 0.567460 0.558594 0.044444 0.130859
0 0.625397 0.607422 0.036508 0.099609
1 0.733333 0.808594 0.017460 0.025391
2 0.819841 0.585938 0.168254 0.162109
0 0.752381 0.620117 0.030159 0.050781
2 0.857937 0.831055 0.082540 0.062500
