1 0.054365 0.268555 0.011905 0.015625
1 0.140873 0.611328 0.010317 0.009766
2 0.413492 0.831055 0.123810 0.093750
1 0.368254 0.580078 0.011111 0.017578
2 0.542857 0.934570 0.065079 0.066406
1 0.541270 0.367188 0.007937 0.013672
0 0.619048 0.741211 0.042857 0.039062
0 0.624206 0.763672 0.035714 0.072266
2 0.669841 0.868164 0.122222 0.066406
0 0.678571 0.266602 0.063492 0.054688
2 0.715873 0.187500 0.131746 0.060547
2 0.670635 0.335938 0.041270 0.072266
0 0.723810 0.421875 0.055556 0.107422
0 0.767460 0.561523 0.088889 0.046875
0 0.839683 0.911133 0.023810 0.074219
1 0.927778 0.968750 0.025397 0.025391
