2 0.071429 0.885742 0.036508 0.097656
2 0.228571 0.613281 0.163492 0.314453
2 0.229365 0.172852 0.098413 0.199219
0 0.236905 0.968750 0.010317 0.017578
1 0.289683 0.245117 0.022222 0.035156
2 0.365873 0.370117 0.111111 0.222656
0 0.321429 0.586914 0.019048 0.054688
0 0.532540 0.713867 0.034921 0.050781
1 0.552381 0.639648 0.011111 0.011719
2 0.684921 0.537109 0.066667 0.056641
2 0.705556 0.671875 0.044444 0.146484
0 0.804762 0.567383 0.096825 0.023438
0 0.884921 0.117188 0.082540 0.044922
2 0.896032 0.485352 0.053968 0.062500
0 0.944444 0.759766 0.036508 0.068359
