2 0.212698 0.636719 0.192063 0.345703
0 0.241270 0.666016 0.096825 0.091797
2 0.224603 0.292969 0.022222 0.064453
1 0.329365 0.577148 0.034921 0.046875
2 0.357143 0.908203 0.071429 0.126953
0 0.398413 0.670898 0.068254 0.046875
0 0.424603 0.062012 0.050794 0.030273
1 0.380159 0.782227 0.012698 0.015625
0 0.477778 0.146484 0.033333 0.076172
0 0.619841 0.584961 0.038095 0.050781
2 0.678571 0.436523 0.053968 0.132812
2 0.735714 0.837891 0.149206 0.103516
2 0.811905 0.703125 0.184127 0.205078
2 0.804762 0.763672 0.036508 0.068359
2 0.946825 0.360352 0.047619 0.085938
0 0.946032 0.384766 0.026984 0.044922
