2 0.042063 0.215820 0.025397 0.093750
2 0.102778 0.455078 0.038889 0.138672
2 0.326190 0.696289 0.269841 0.160156
1 0.232540 0.165039 0.015873 0.011719
2 0.302381 0.420898 0.066667 0.062500
0 0.351587 0.771484 0.041270 0.056641
0 0.422222 0.713867 0.030159 0.019531
0 0.521429 0.158203 0.041270 0.080078
2 0.598016 0.231445 0.080159 0.062500
1 0.610714 0.728516 0.059524 0.068359
1 0.597619 0.619141 0.025397 0.044922
0 0.615079 0.428711 0.038095 0.082031
2 0.829365 0.645508 0.073016 0.105469
1 0.911508 0.187500 0.067460 0.142578
