0 0.300000 0.324074 0.023958 0.005556
0 0.310417 0.399074 0.021875 0.040741
2 0.344792 0.239815 0.057292 0.092593
1 0.323698 0.467593 0.006771 0.022222
1 0.359896 0.800000 0.006250 0.009259
2 0.655729 0.540741 0.272917 0.264815
2 0.654167 0.305556 0.192708 0.324074
2 0.661979 0.582407 0.087500 0.303704
2 0.711979 0.672685 0.029167 0.045370
1 0.719792 0.738889 0.026042 0.005556
0 0.745052 0.038889 0.011979 0.005556
2 0.845313 0.691667 0.079167 0.081481
2 0.897396 0.751852 0.085417 0.124074
0 0.928646 0.615741 0.016667 0.033333
0 0.940104 0.521296 0.029167 0.025926
