0 0.083854 0.863426 0.031250 0.034259
2 0.119010 0.300926 0.033854 0.074074
2 0.465625 0.704630 0.728125 0.437037
2 0.275521 0.071296 0.093750 0.144444
0 0.262500 0.946296 0.004167 0.020370
1 0.339062 0.843519 0.008333 0.022222
0 0.397396 0.014815 0.022917 0.005556
0 0.503646 0.905556 0.041667 0.016667
2 0.597656 0.821296 0.029687 0.051852
2 0.650000 0.109259 0.051042 0.046296
1 0.631771 0.196296 0.008333 0.009259
0 0.664583 0.596296 0.036458 0.024074
2 0.880729 0.358333 0.029167 0.107407
0 0.907031 0.312963 0.023438 0.005556
