2 0.099603 0.912109 0.081746 0.048828
1 0.075397 0.102539 0.009524 0.011719
0 0.146032 0.404297 0.046032 0.072266
1 0.176984 0.325195 0.015873 0.027344
2 0.394444 0.529297 0.139683 0.095703
2 0.348413 0.694336 0.034921 0.105469
1 0.373016 0.543945 0.017460 0.027344
2 0.494444 0.311523 0.187302 0.050781
0 0.487302 0.131836 0.023810 0.050781
1 0.548413 0.785156 0.012698 0.005859
1 0.759524 0.509766 0.012698 0.009766
0 0.901587 0.575684 0.033333 0.018555
0 0.913492 0.385742 0.022222 0.031250
0 0.921429 0.900391 0.019048 0.029297
