0 0.080159 0.287109 0.022222 0.076172
0 0.076984 0.791016 0.015873 0.060547
1 0.123016 0.235352 0.015873 0.023438
2 0.165079 0.386719 0.090476 0.072266
0 0.178571 0.755859 0.050794 0.103516
2 0.269841 0.942383 0.049206 0.039062
2 0.422222 0.403320 0.338095 0.320312
2 0.373810 0.727539 0.111111 0.214844
2 0.462698 0.403320 0.276190 0.390625
2 0.425794 0.426758 0.057937 0.128906
2 0.446825 0.277344 0.079365 0.130859
2 0.687302 0.159180 0.226984 0.187500
0 0.632540 0.455078 0.057143 0.060547
1 0.668254 0.543945 0.030159 0.031250
0 0.688095 0.422852 0.019048 0.082031
0 0.705952 0.370117 0.040476 0.062500
2 0.742857 0.095703 0.071429 0.107422
0 0.777778 0.306641 0.030159 0.025391
0 0.826984 0.244141 0.026984 0.029297
0 0.934921 0.373047 0.023810 0.150391
