2 0.138492 0.552734 0.137302 0.130859
0 0.097619 0.196289 0.047619 0.062500
0 0.141270 0.368164 0.033333 0.074219
0 0.176984 0.829102 0.079365 0.050781
0 0.362698 0.421875 0.098413 0.021484
2 0.658730 0.512695 0.598413 0.347656
1 0.422222 0.729492 0.020635 0.023438
1 0.472619 0.656250 0.013492 0.017578
0 0.573016 0.088379 0.103175 0.075195
0 0.582540 0.433594 0.074603 0.107422
0 0.615873 0.963867 0.033333 0.027344
0 0.631746 0.031250 0.039683 0.033203
1 0.653175 0.362305 0.012698 0.019531
0 0.826190 0.633789 0.038095 0.054688
0 0.823810 0.087891 0.020635 0.025391
