0 0.133730 0.448242 0.029365 0.078125
1 0.180952 0.508789 0.058730 0.070312
0 0.276984 0.087891 0.028571 0.025391
1 0.296032 0.602539 0.044444 0.050781
2 0.424603 0.781250 0.082540 0.080078
1 0.518254 0.018555 0.009524 0.019531
0 0.528175 0.859375 0.019841 0.013672
1 0.534127 0.538086 0.012698 0.015625
1 0.666667 0.346680 0.249206 0.164062
0 0.595238 0.901367 0.017460 0.011719
0 0.643651 0.733398 0.057143 0.054688
2 0.746825 0.340820 0.063492 0.203125
0 0.829365 0.884766 0.041270 0.041016
0 0.941270 0.892578 0.023810 0.025391
0 0.971429 0.759766 0.017460 0.021484
