0 0.105729 0.034259 0.031250 0.025926
2 0.442188 0.770370 0.150000 0.198148
2 0.509375 0.822222 0.265625 0.261111
2 0.485677 0.698148 0.014063 0.038889
0 0.536458 0.459259 0.026042 0.053704
0 0.600000 0.724074 0.044792 0.020370
2 0.658854 0.394444 0.062500 0.035185
2 0.646875 0.550926 0.030208 0.111111
2 0.680729 0.600926 0.025000 0.074074
2 0.721094 0.087963 0.048438 0.133333
0 0.725000 0.543056 0.036458 0.008333
0 0.726562 0.027778 0.020833 0.009259
0 0.883854 0.350926 0.016667 0.014815
1 0.916667 0.373148 0.028125 0.011111
1 0.939583 0.283333 0.013542 0.009259
0 0.941667 0.487963 0.009375 0.055556
0 0.957292 0.553704 0.021875 0.009259
