0 0.071429 0.216797 0.065079 0.119141
2 0.126984 0.358398 0.141270 0.171875
2 0.121429 0.678711 0.088889 0.070312
2 0.138889 0.193359 0.079365 0.080078
2 0.200397 0.618164 0.108730 0.371094
1 0.339683 0.802734 0.020635 0.033203
0 0.465079 0.794922 0.052381 0.025391
0 0.464286 0.293945 0.028571 0.078125
2 0.516667 0.719727 0.095238 0.117188
0 0.484921 0.174805 0.022222 0.128906
1 0.492857 0.237305 0.009524 0.019531
2 0.546825 0.860352 0.028571 0.082031
1 0.593651 0.613281 0.011111 0.013672
0 0.688889 0.493652 0.103175 0.092773
1 0.663492 0.214844 0.023810 0.041016
2 0.755159 0.175781 0.089683 0.072266
2 0.754762 0.477539 0.047619 0.136719
1 0.819048 0.881836 0.023810 0.023438
0 0.857937 0.391602 0.028571 0.023438
