0 0.170833 0.765741 0.028125 0.011111
2 0.233854 0.393519 0.041667 0.088889
0 0.283333 0.411111 0.028125 0.035185
1 0.341146 0.213889 0.010417 0.022222
2 0.464583 0.638889 0.061458 0.031481
0 0.467448 0.372222 0.013021 0.005556
2 0.607292 0.265741 0.071875 0.055556
2 0.607812 0.159259 0.070833 0.053704
0 0.618750 0.358333 0.028125 0.007407
2 0.664844 0.472222 0.065104 0.172222
0 0.639323 0.805093 0.008854 0.013889
1 0.646615 0.220370 0.006771 0.009259
0 0.668750 0.637963 0.046875 0.033333
0 0.811979 0.322222 0.020833 0.009259
2 0.851562 0.212037 0.064583 0.070370
2 0.907031 0.950000 0.036979 0.098148
0 0.940885 0.044444 0.009896 0.005556
