0 0.030952 0.370117 0.028571 0.027344
1 0.045635 0.944336 0.010317 0.015625
0 0.055159 0.569336 0.026190 0.035156
1 0.204762 0.333008 0.011111 0.011719
1 0.205556 0.399414 0.019048 0.019531
1 0.226190 0.632812 0.041270 0.013672
0 0.255556 0.703125 0.020635 0.033203
2 0.345238 0.522461 0.193651 0.183594
1 0.258730 0.162109 0.011111 0.009766
2 0.475397 0.633789 0.155556 0.097656
2 0.583333 0.568359 0.082540 0.146484
2 0.560317 0.842773 0.033333 0.042969
2 0.619841 0.480469 0.085714 0.181641
1 0.615873 0.139648 0.017460 0.011719
1 0.611905 0.120117 0.006349 0.023438
1 0.660317 0.201660 0.011111 0.008789
0 0.798413 0.888672 0.036508 0.123047
1 0.805952 0.732422 0.010317 0.021484
