0 0.134524 0.758789 0.010317 0.039062
1 0.148413 0.928711 0.009524 0.027344
0 0.159524 0.538086 0.028571 0.023438
2 0.249206 0.390625 0.141270 0.275391
0 0.242857 0.147461 0.023810 0.082031
0 0.406349 0.809570 0.026984 0.070312
0 0.430952 0.236328 0.025397 0.044922
1 0.491270 0.173340 0.031746 0.030273
2 0.703175 0.431641 0.084127 0.080078
0 0.722222 0.500000 0.074603 0.041016
0 0.749206 0.520508 0.036508 0.031250
1 0.742063 0.265625 0.012698 0.025391
2 0.839683 0.747070 0.033333 0.027344
0 0.863492 0.639648 0.058730 0.042969
0 0.903968 0.526367 0.028571 0.058594
0 0.941270 0.236328 0.033333 0.044922
