2 0.070635 0.134766 0.092063 0.048828
0 0.040476 0.966797 0.019048 0.013672
1 0.092857 0.289062 0.038095 0.041016
1 0.243254 0.607422 0.011905 0.017578
1 0.310317 0.537109 0.015873 0.025391
1 0.374603 0.219727 0.033333 0.035156
1 0.459524 0.612305 0.015873 0.011719
2 0.482540 0.406250 0.036508 0.162109
2 0.614286 0.463867 0.144444 0.199219
1 0.615079 0.467773 0.028571 0.039062
1 0.713492 0.609375 0.025397 0.025391
2 0.750000 0.198242 0.057143 0.042969
2 0.762698 0.695312 0.047619 0.056641
1 0.752381 0.164062 0.011111 0.048828
0 0.901190 0.327148 0.024603 0.019531
1 0.919048 0.487305 0.049206 0.019531
0 0.947619 0.082031 0.090476 0.134766
