0 0.126190 0.187500 0.053968 0.037109
0 0.130159 0.757812 0.052381 0.056641
1 0.207143 0.139648 0.028571 0.023438
0 0.403968 0.360352 0.095238 0.097656
2 0.375000 0.685547 0.034127 0.083984
2 0.528571 0.267578 0.055556 0.146484
2 0.530159 0.527344 0.017460 0.041016
1 0.546032 0.889648 0.011111 0.019531
2 0.585714 0.281250 0.049206 0.146484
1 0.578968 0.497070 0.010317 0.035156
0 0.662698 0.915039 0.012698 0.023438
0 0.708730 0.108398 0.034921 0.062500
2 0.836508 0.897461 0.052381 0.035156
2 0.897619 0.506836 0.082540 0.085938
1 0.952381 0.725586 0.026984 0.023438
