1 0.019444 0.934570 0.007143 0.015625
2 0.078175 0.335938 0.100794 0.041016
0 0.115079 0.857422 0.079365 0.103516
1 0.141270 0.944336 0.036508 0.085938
2 0.324603 0.186523 0.126984 0.234375
0 0.284127 0.528320 0.020635 0.074219
2 0.397619 0.463867 0.047619 0.070312
1 0.440873 0.108398 0.007143 0.019531
2 0.684921 0.471680 0.393651 0.562500
0 0.657143 0.907227 0.023810 0.027344
1 0.730159 0.074219 0.020635 0.041016
1 0.760714 0.565430 0.026190 0.109375
0 0.770635 0.768555 0.031746 0.082031
1 0.910317 0.523438 0.012698 0.013672
1 0.926587 0.172852 0.015079 0.007812
