2 0.165079 0.391602 0.052381 0.144531
2 0.309524 0.333984 0.046032 0.056641
2 0.303968 0.875977 0.022222 0.027344
0 0.384921 0.609375 0.019048 0.029297
0 0.397222 0.778320 0.016667 0.035156
0 0.516667 0.632812 0.034921 0.111328
1 0.607143 0.325195 0.015873 0.011719
2 0.687302 0.504883 0.125397 0.136719
0 0.680952 0.873047 0.023810 0.017578
0 0.696825 0.310547 0.049206 0.048828
2 0.707143 0.563477 0.066667 0.167969
1 0.769048 0.486328 0.111111 0.076172
1 0.745238 0.712891 0.006349 0.013672
1 0.856746 0.932617 0.013492 0.031250
2 0.937302 0.355469 0.079365 0.080078
0 0.956349 0.525391 0.060317 0.033203
1 0.986111 0.640625 0.011905 0.033203
