2 0.165873 0.652344 0.209524 0.494141
1 0.164286 0.109375 0.015873 0.013672
2 0.244444 0.879883 0.122222 0.152344
2 0.259127 0.269531 0.107143 0.056641
2 0.299603 0.368164 0.026190 0.031250
0 0.321429 0.665039 0.019048 0.058594
0 0.401587 0.439453 0.052381 0.068359
0 0.427381 0.068359 0.056349 0.080078
0 0.624603 0.474121 0.041270 0.034180
0 0.711111 0.477539 0.017460 0.035156
1 0.730952 0.242188 0.012698 0.009766
0 0.757937 0.689453 0.025397 0.037109
1 0.881349 0.739258 0.024603 0.015625
0 0.948413 0.385742 0.038095 0.078125
