2 0.099206 0.625977 0.085714 0.128906
1 0.353968 0.595703 0.246032 0.173828
2 0.511905 0.498047 0.463492 0.333984
2 0.372619 0.722656 0.088095 0.099609
2 0.456349 0.285156 0.015873 0.095703
2 0.551587 0.397461 0.101587 0.238281
0 0.602381 0.641602 0.009524 0.058594
0 0.642857 0.594727 0.055556 0.101562
0 0.670238 0.749023 0.064286 0.054688
2 0.730159 0.790039 0.030159 0.062500
1 0.768651 0.333984 0.027778 0.029297
1 0.794841 0.479492 0.007143 0.031250
1 0.845635 0.169922 0.023016 0.021484
0 0.888889 0.063477 0.007937 0.054688
