1 0.050000 0.519531 0.009524 0.017578
0 0.132540 0.532227 0.050794 0.015625
0 0.126984 0.643555 0.011111 0.023438
0 0.201190 0.520508 0.026190 0.046875
0 0.265476 0.682617 0.029365 0.035156
0 0.276190 0.708984 0.039683 0.041016
0 0.283333 0.450195 0.034921 0.078125
1 0.361905 0.666992 0.011111 0.007812
1 0.431746 0.166016 0.014286 0.013672
2 0.582937 0.119141 0.132540 0.056641
2 0.580159 0.730469 0.057143 0.169922
2 0.612698 0.088867 0.065079 0.093750
1 0.648810 0.050781 0.010317 0.013672
0 0.661111 0.548828 0.031746 0.068359
2 0.815873 0.836914 0.153968 0.132812
