0 0.014583 0.014815 0.007292 0.027778
2 0.049479 0.899074 0.060417 0.044444
2 0.146875 0.515741 0.134375 0.070370
2 0.256250 0.970370 0.080208 0.046296
2 0.278125 0.772222 0.080208 0.275926
1 0.242708 0.477778 0.005208 0.016667
2 0.273438 0.916667 0.054167 0.046296
1 0.277083 0.947222 0.007292 0.011111
2 0.320312 0.412037 0.041667 0.088889
2 0.424479 0.487037 0.127083 0.038889
2 0.463021 0.848148 0.068750 0.068519
2 0.845313 0.489815 0.079167 0.081481
0 0.842708 0.169444 0.023958 0.048148
0 0.935417 0.480556 0.007292 0.040741
2 0.969010 0.502778 0.025521 0.055556
