0 0.139683 0.359375 0.026984 0.033203
0 0.153175 0.103516 0.041270 0.025391
0 0.169444 0.458008 0.059524 0.074219
0 0.335714 0.505859 0.025397 0.037109
2 0.438492 0.194336 0.157937 0.105469
0 0.412698 0.500000 0.049206 0.103516
0 0.450000 0.863281 0.069841 0.056641
1 0.442857 0.806641 0.014286 0.021484
0 0.485714 0.371094 0.065079 0.025391
1 0.467460 0.435547 0.019048 0.017578
2 0.626190 0.390625 0.323810 0.361328
0 0.534127 0.246094 0.028571 0.021484
2 0.658730 0.836914 0.106349 0.109375
0 0.770635 0.338867 0.044444 0.035156
1 0.789286 0.321289 0.021429 0.023438
