0 0.098016 0.944336 0.035714 0.039062
2 0.169841 0.420898 0.049206 0.074219
2 0.218254 0.201172 0.034921 0.158203
2 0.453968 0.595703 0.401587 0.634766
2 0.319048 0.242188 0.100000 0.099609
1 0.288095 0.759766 0.009524 0.013672
0 0.388889 0.899414 0.026984 0.023438
2 0.431746 0.494141 0.077778 0.083984
2 0.480952 0.775391 0.074603 0.189453
0 0.656349 0.765625 0.031746 0.017578
2 0.778571 0.573242 0.215873 0.472656
0 0.698413 0.568359 0.036508 0.029297
2 0.825397 0.647461 0.112698 0.207031
2 0.830952 0.058594 0.060317 0.048828
0 0.842857 0.255859 0.023810 0.029297
2 0.913889 0.622070 0.057937 0.054688
1 0.901587 0.437500 0.007937 0.017578
