1 0.052381 0.389648 0.039683 0.046875
2 0.233333 0.345703 0.201587 0.142578
2 0.226587 0.578125 0.124603 0.080078
2 0.365079 0.758789 0.230159 0.167969
2 0.411111 0.165039 0.115873 0.199219
0 0.409921 0.758789 0.018254 0.027344
0 0.461111 0.065430 0.022222 0.039062
0 0.463492 0.557617 0.023810 0.031250
2 0.632540 0.177734 0.066667 0.111328
2 0.653968 0.079102 0.074603 0.062500
2 0.681746 0.170898 0.130159 0.062500
0 0.626984 0.083984 0.017460 0.041016
1 0.633730 0.395508 0.030952 0.023438
1 0.629365 0.541992 0.012698 0.011719
2 0.722222 0.321289 0.055556 0.105469
0 0.821429 0.737305 0.034921 0.109375
0 0.857540 0.791016 0.011905 0.033203
