0 0.019048 0.607422 0.033333 0.044922
0 0.130159 0.679199 0.080952 0.069336
1 0.142857 0.451172 0.030159 0.033203
2 0.203175 0.155273 0.065079 0.152344
2 0.312698 0.335938 0.042857 0.052734
2 0.419048 0.771484 0.150794 0.060547
0 0.391270 0.297852 0.069841 0.031250
1 0.381746 0.369141 0.028571 0.029297
1 0.382540 0.608398 0.020635 0.019531
2 0.563492 0.486328 0.157143 0.177734
0 0.494444 0.947266 0.015873 0.037109
2 0.545635 0.595703 0.051587 0.037109
2 0.723810 0.673828 0.207937 0.337891
0 0.672222 0.937500 0.028571 0.048828
0 0.846032 0.759766 0.049206 0.041016
2 0.911905 0.543945 0.114286 0.082031
