1 0.173810 0.657227 0.006349 0.015625
2 0.229762 0.684570 0.097619 0.234375
1 0.249206 0.315430 0.026984 0.035156
2 0.295238 0.368164 0.087302 0.093750
2 0.338889 0.771484 0.057143 0.103516
2 0.446825 0.581055 0.266667 0.394531
2 0.424603 0.534180 0.034921 0.109375
2 0.431746 0.121094 0.042857 0.017578
0 0.443651 0.504883 0.022222 0.027344
0 0.507143 0.290039 0.031746 0.050781
0 0.545238 0.119141 0.019048 0.029297
0 0.663492 0.791992 0.036508 0.058594
1 0.730159 0.386719 0.087302 0.017578
1 0.755556 0.496094 0.014286 0.013672
1 0.805556 0.083008 0.025397 0.023438
2 0.922222 0.153320 0.074603 0.042969
