0 0.074603 0.465820 0.058730 0.058594
1 0.154762 0.865234 0.009524 0.017578
2 0.222222 0.408203 0.080952 0.091797
0 0.218254 0.400391 0.031746 0.029297
0 0.290476 0.041016 0.042857 0.041016
1 0.315873 0.447266 0.014286 0.021484
1 0.314286 0.824219 0.007937 0.017578
0 0.362698 0.183594 0.034921 0.048828
0 0.511111 0.164062 0.014286 0.041016
0 0.623810 0.447266 0.128571 0.044922
1 0.650000 0.817383 0.015873 0.031250
1 0.663492 0.142578 0.011111 0.009766
2 0.736508 0.635742 0.134921 0.128906
2 0.722222 0.092773 0.026984 0.062500
0 0.875397 0.174805 0.066667 0.031250
1 0.934921 0.318359 0.020635 0.009766
