1 0.048016 0.702148 0.019841 0.027344
0 0.138889 0.387207 0.066667 0.024414
2 0.161111 0.101562 0.044444 0.048828
1 0.172222 0.708984 0.009524 0.009766
1 0.345238 0.326172 0.019048 0.021484
2 0.366667 0.831055 0.039683 0.078125
0 0.372222 0.259766 0.031746 0.095703
0 0.394444 0.870117 0.025397 0.054688
2 0.474603 0.580078 0.077778 0.162109
1 0.547619 0.103516 0.017460 0.017578
0 0.604762 0.231445 0.042857 0.031250
0 0.753968 0.611328 0.030159 0.037109
0 0.819048 0.944336 0.026984 0.093750
0 0.922222 0.077148 0.065079 0.058594
