2 0.076563 0.582407 0.081250 0.125926
1 0.255208 0.181481 0.009375 0.012963
1 0.298958 0.650000 0.026042 0.005556
2 0.413542 0.100000 0.067708 0.061111
2 0.430729 0.956481 0.043750 0.048148
0 0.435417 0.475926 0.013542 0.012963
2 0.532292 0.312963 0.071875 0.042593
0 0.515104 0.078241 0.031250 0.012037
2 0.579167 0.795370 0.069792 0.059259
2 0.696354 0.631481 0.175000 0.231481
0 0.669792 0.300926 0.036458 0.040741
2 0.670312 0.913889 0.020833 0.081481
2 0.763021 0.437037 0.095833 0.079630
2 0.789583 0.135185 0.105208 0.061111
0 0.926562 0.636111 0.014583 0.088889
0 0.939583 0.170370 0.032292 0.012963
