1 0.110417 0.644444 0.034375 0.009259
1 0.139063 0.397222 0.008333 0.025926
2 0.189062 0.324074 0.041667 0.112963
2 0.203125 0.200926 0.055208 0.107407
2 0.289583 0.189815 0.107292 0.081481
2 0.376563 0.849074 0.195833 0.255556
0 0.306250 0.315741 0.038542 0.025926
2 0.318229 0.901852 0.060417 0.116667
2 0.416667 0.364815 0.053125 0.083333
1 0.420833 0.601852 0.015625 0.005556
0 0.454688 0.452778 0.050000 0.022222
0 0.543750 0.080556 0.019792 0.011111
0 0.629167 0.095370 0.017708 0.033333
2 0.714063 0.325000 0.179167 0.233333
2 0.641146 0.268519 0.027083 0.075926
1 0.791146 0.985185 0.008333 0.012963
0 0.823958 0.290741 0.011458 0.042593
1 0.905469 0.867593 0.009896 0.007407
