0 0.051042 0.196296 0.038542 0.009259
0 0.072656 0.081481 0.021354 0.020370
1 0.135417 0.108333 0.009375 0.014815
0 0.162500 0.950000 0.030208 0.038889
2 0.172396 0.469444 0.047917 0.129630
2 0.215365 0.625000 0.026562 0.033333
2 0.320052 0.183796 0.023438 0.049074
2 0.420833 0.575000 0.057292 0.048148
2 0.604167 0.368519 0.290625 0.487037
1 0.518229 0.046296 0.008333 0.012963
2 0.636979 0.157407 0.058333 0.064815
0 0.769271 0.522685 0.035417 0.008333
1 0.769271 0.443519 0.027083 0.007407
0 0.814063 0.575926 0.008333 0.031481
0 0.845833 0.982407 0.042708 0.018519
0 0.870833 0.078704 0.017708 0.048148
