1 0.085714 0.463867 0.014286 0.023438
2 0.184921 0.900391 0.092063 0.052734
2 0.200000 0.437500 0.052381 0.150391
0 0.233333 0.332031 0.030159 0.033203
2 0.303175 0.612305 0.163492 0.144531
0 0.261111 0.286133 0.073016 0.046875
0 0.229365 0.416016 0.009524 0.021484
1 0.270635 0.813477 0.015873 0.015625
0 0.315873 0.885742 0.039683 0.031250
1 0.398413 0.570312 0.017460 0.056641
1 0.470635 0.103516 0.006349 0.021484
1 0.562698 0.041992 0.009524 0.007812
0 0.822222 0.877930 0.077778 0.039062
0 0.834921 0.592773 0.061905 0.046875
