2 0.024219 0.171296 0.042188 0.088889
0 0.026042 0.903704 0.009375 0.046296
1 0.053906 0.734259 0.013021 0.003704
0 0.153646 0.887037 0.033333 0.016667
2 0.210156 0.476852 0.028646 0.062963
2 0.267969 0.198148 0.014063 0.038889
2 0.384896 0.785185 0.031250 0.042593
2 0.460417 0.545370 0.151042 0.044444
0 0.411979 0.846296 0.012500 0.031481
2 0.494271 0.273148 0.066667 0.111111
1 0.630729 0.272222 0.010417 0.016667
2 0.650521 0.489815 0.043750 0.044444
2 0.791667 0.362963 0.240625 0.235185
2 0.798958 0.053704 0.101042 0.057407
2 0.776563 0.212963 0.029167 0.072222
0 0.824740 0.748148 0.013021 0.005556
0 0.825521 0.295370 0.008333 0.018519
