1 0.180159 0.296875 0.012698 0.013672
2 0.195238 0.032715 0.033333 0.041992
0 0.302381 0.189453 0.053968 0.017578
0 0.350000 0.962891 0.069841 0.033203
0 0.373810 0.305664 0.053968 0.066406
0 0.370635 0.447266 0.041270 0.048828
1 0.401587 0.256836 0.017460 0.027344
0 0.531746 0.115234 0.036508 0.052734
0 0.540476 0.329102 0.050794 0.023438
1 0.568254 0.615234 0.030159 0.009766
0 0.595238 0.297852 0.042857 0.058594
0 0.611111 0.500000 0.030159 0.083984
0 0.648413 0.689453 0.015873 0.080078
0 0.858730 0.587891 0.046032 0.083984
2 0.924206 0.166016 0.043651 0.033203
