1 0.128571 0.049805 0.011111 0.027344
2 0.203175 0.723633 0.141270 0.074219
2 0.207143 0.164551 0.085714 0.071289
0 0.330952 0.469727 0.047619 0.195312
1 0.326984 0.631836 0.011111 0.011719
2 0.380952 0.610840 0.090476 0.073242
2 0.541270 0.634766 0.246032 0.423828
1 0.543651 0.046875 0.006349 0.013672
0 0.619841 0.308594 0.050794 0.017578
0 0.630952 0.239258 0.041270 0.089844
0 0.703175 0.623047 0.147619 0.037109
0 0.684921 0.207031 0.047619 0.072266
0 0.734921 0.111328 0.090476 0.072266
1 0.954762 0.046875 0.019048 0.037109
