1 0.169048 0.415039 0.082540 0.175781
1 0.168254 0.205078 0.011111 0.013672
1 0.167460 0.739258 0.009524 0.011719
0 0.290476 0.799805 0.084127 0.058594
0 0.276984 0.491211 0.041270 0.046875
0 0.292063 0.384766 0.036508 0.083984
0 0.307937 0.955078 0.014286 0.025391
0 0.348413 0.523438 0.022222 0.041016
2 0.425397 0.773438 0.087302 0.052734
2 0.421429 0.409668 0.076190 0.049805
0 0.540476 0.105957 0.038095 0.110352
0 0.586508 0.418945 0.022222 0.039062
2 0.707937 0.775391 0.033333 0.212891
2 0.807937 0.570312 0.074603 0.091797
0 0.961111 0.843262 0.034921 0.065430
