1 0.028571 0.045898 0.031746 0.039062
0 0.046032 0.613281 0.014286 0.017578
2 0.073016 0.201172 0.058730 0.068359
0 0.073016 0.098145 0.055556 0.043945
1 0.353968 0.498047 0.020635 0.021484
0 0.441270 0.093750 0.014286 0.025391
0 0.442063 0.251953 0.009524 0.037109
2 0.611111 0.162109 0.157143 0.244141
1 0.561111 0.718750 0.028571 0.033203
1 0.561111 0.237305 0.009524 0.011719
2 0.624206 0.769531 0.110317 0.123047
2 0.723810 0.820312 0.068254 0.103516
1 0.776984 0.154297 0.009524 0.025391
1 0.815873 0.058594 0.023810 0.013672
0 0.810317 0.974121 0.028571 0.022461
0 0.906349 0.893066 0.023810 0.020508
1 0.946825 0.871094 0.019048 0.017578
