2 0.167460 0.893555 0.114286 0.085938
2 0.161111 0.174805 0.012698 0.085938
2 0.294444 0.152344 0.190476 0.138672
1 0.240873 0.458984 0.010317 0.009766
2 0.257143 0.681641 0.033333 0.064453
0 0.373016 0.423828 0.046032 0.060547
0 0.372222 0.818359 0.041270 0.021484
2 0.387302 0.818359 0.065079 0.060547
0 0.426190 0.416016 0.012698 0.048828
0 0.482143 0.465820 0.011905 0.031250
0 0.521429 0.568359 0.031746 0.037109
2 0.592063 0.516602 0.125397 0.183594
1 0.550000 0.247070 0.022222 0.035156
0 0.571429 0.184570 0.030159 0.027344
0 0.689286 0.593750 0.018254 0.076172
1 0.710317 0.242188 0.006349 0.013672
0 0.755556 0.838867 0.017460 0.027344
2 0.782143 0.211426 0.057937 0.075195
1 0.784921 0.880859 0.009524 0.021484
