0 0.145238 0.549805 0.025397 0.042969
2 0.324603 0.510742 0.044444 0.140625
1 0.375397 0.372070 0.025397 0.058594
0 0.399206 0.830078 0.022222 0.056641
0 0.433333 0.200195 0.020635 0.078125
1 0.432540 0.322266 0.009524 0.009766
1 0.455952 0.534180 0.024603 0.019531
1 0.477778 0.699219 0.017460 0.060547
2 0.556349 0.416992 0.092063 0.093750
2 0.652381 0.337891 0.233333 0.169922
0 0.587302 0.464844 0.042857 0.037109
2 0.736508 0.054688 0.068254 0.060547
1 0.885714 0.259766 0.138095 0.240234
2 0.809524 0.843750 0.131746 0.236328
2 0.810317 0.508789 0.022222 0.093750
2 0.834921 0.415039 0.061905 0.210938
0 0.915079 0.657227 0.025397 0.042969
