1 0.083333 0.540039 0.009524 0.035156
1 0.109524 0.874023 0.023810 0.023438
2 0.354365 0.177734 0.127778 0.099609
0 0.361905 0.728516 0.087302 0.064453
0 0.359524 0.881836 0.038095 0.066406
1 0.389683 0.666016 0.057143 0.041016
0 0.455556 0.326172 0.058730 0.013672
1 0.455159 0.224121 0.011905 0.010742
0 0.503968 0.225586 0.044444 0.070312
1 0.504762 0.662109 0.014286 0.009766
2 0.524603 0.423828 0.044444 0.068359
2 0.634127 0.300781 0.047619 0.310547
1 0.727778 0.351562 0.044444 0.076172
1 0.650397 0.861328 0.011905 0.025391
1 0.777778 0.449219 0.023810 0.017578
0 0.845238 0.432617 0.015873 0.027344
