1 0.128968 0.125488 0.030952 0.032227
2 0.198810 0.318359 0.059524 0.095703
1 0.288889 0.326172 0.039683 0.044922
0 0.280159 0.388672 0.019048 0.033203
0 0.303175 0.261719 0.046032 0.017578
0 0.475000 0.566406 0.126190 0.068359
1 0.410317 0.269531 0.015873 0.013672
2 0.586508 0.401367 0.263492 0.433594
0 0.651587 0.165039 0.019048 0.054688
2 0.722222 0.335938 0.087302 0.068359
2 0.756349 0.814453 0.053968 0.107422
0 0.762698 0.414062 0.057143 0.091797
1 0.834127 0.311523 0.012698 0.050781
0 0.945238 0.250977 0.041270 0.105469
1 0.937302 0.830078 0.019048 0.083984
