1 0.020635 0.147461 0.014286 0.019531
1 0.026190 0.426758 0.019048 0.023438
2 0.369048 0.458984 0.231746 0.369141
0 0.274603 0.680664 0.020635 0.007812
1 0.335714 0.834961 0.028571 0.050781
1 0.346032 0.912109 0.033333 0.021484
0 0.397619 0.505859 0.073016 0.173828
2 0.408730 0.472656 0.088889 0.087891
0 0.379365 0.488281 0.020635 0.033203
1 0.410317 0.730469 0.019048 0.021484
2 0.500000 0.146484 0.192063 0.158203
2 0.475397 0.517578 0.038095 0.130859
2 0.542063 0.383789 0.073016 0.152344
0 0.580159 0.659180 0.101587 0.031250
0 0.598413 0.336914 0.068254 0.039062
0 0.720635 0.067383 0.055556 0.046875
0 0.732143 0.864258 0.045238 0.042969
1 0.823016 0.349609 0.015873 0.017578
1 0.863492 0.258789 0.055556 0.027344
