1 0.175397 0.314453 0.130159 0.169922
0 0.207143 0.653809 0.025397 0.030273
2 0.362698 0.289062 0.120635 0.244141
1 0.361111 0.152344 0.009524 0.021484
0 0.388095 0.452148 0.047619 0.097656
2 0.501587 0.474609 0.020635 0.083984
0 0.519048 0.651367 0.039683 0.070312
0 0.603968 0.960938 0.028571 0.033203
0 0.629365 0.882812 0.063492 0.150391
0 0.684127 0.775391 0.036508 0.068359
0 0.716667 0.321289 0.028571 0.046875
1 0.756349 0.540039 0.038095 0.101562
0 0.901190 0.183594 0.032540 0.025391
1 0.938889 0.400391 0.015873 0.013672
0 0.953968 0.794922 0.039683 0.060547
1 0.980952 0.746094 0.014286 0.013672
