2 0.128571 0.653320 0.100000 0.167969
0 0.131746 0.938477 0.030159 0.015625
0 0.150000 0.513672 0.019048 0.009766
2 0.250000 0.669922 0.171429 0.224609
2 0.374603 0.245117 0.046032 0.074219
0 0.390079 0.314453 0.048413 0.072266
2 0.496032 0.820312 0.180952 0.056641
0 0.428571 0.595703 0.020635 0.033203
0 0.535714 0.549805 0.031746 0.101562
0 0.537698 0.897461 0.023016 0.085938
0 0.681349 0.526367 0.065873 0.109375
0 0.696825 0.443359 0.049206 0.025391
0 0.717460 0.343750 0.020635 0.033203
2 0.839683 0.854492 0.046032 0.132812
2 0.886508 0.869141 0.082540 0.087891
2 0.915079 0.277344 0.066667 0.076172
