1 0.034127 0.375977 0.028571 0.031250
0 0.131746 0.591797 0.039683 0.044922
0 0.137302 0.549805 0.041270 0.070312
2 0.276587 0.558594 0.127778 0.158203
2 0.365476 0.690430 0.094444 0.097656
1 0.346825 0.417969 0.015873 0.013672
2 0.486508 0.466797 0.282540 0.275391
1 0.386508 0.706055 0.009524 0.011719
2 0.396825 0.920898 0.049206 0.089844
2 0.517460 0.772461 0.046032 0.128906
0 0.572222 0.290039 0.066667 0.031250
0 0.657937 0.479492 0.101587 0.207031
1 0.763492 0.748047 0.011111 0.044922
1 0.771429 0.130859 0.017460 0.021484
2 0.865873 0.239258 0.041270 0.066406
0 0.906349 0.484375 0.033333 0.072266
