2 0.146032 0.644531 0.153968 0.138672
1 0.090476 0.167969 0.017460 0.017578
1 0.115873 0.356445 0.011111 0.039062
2 0.232540 0.535156 0.120635 0.076172
0 0.239683 0.671875 0.103175 0.056641
2 0.318254 0.550781 0.066667 0.107422
0 0.423810 0.216797 0.017460 0.033203
2 0.535714 0.330078 0.047619 0.048828
1 0.557937 0.351562 0.012698 0.013672
1 0.665079 0.723633 0.141270 0.144531
2 0.692063 0.638672 0.106349 0.271484
1 0.654365 0.874023 0.015079 0.019531
0 0.689683 0.244629 0.050794 0.028320
0 0.723810 0.732422 0.080952 0.150391
1 0.731746 0.062500 0.017460 0.013672
0 0.853175 0.730469 0.041270 0.025391
2 0.871429 0.828125 0.055556 0.134766
