2 0.065079 0.765625 0.055556 0.076172
1 0.159524 0.529297 0.009524 0.033203
2 0.388889 0.206055 0.153968 0.273438
2 0.366667 0.593750 0.058730 0.185547
0 0.411905 0.764648 0.044444 0.054688
0 0.395635 0.665039 0.019841 0.050781
0 0.400000 0.393555 0.023810 0.167969
2 0.414286 0.798828 0.026984 0.068359
0 0.447619 0.344238 0.061905 0.059570
0 0.442063 0.290039 0.019048 0.031250
2 0.519841 0.337891 0.136508 0.080078
2 0.613492 0.172852 0.060317 0.085938
2 0.784127 0.091797 0.055556 0.072266
1 0.820238 0.771484 0.065873 0.052734
2 0.823016 0.523438 0.066667 0.146484
0 0.845238 0.835938 0.019048 0.041016
