2 0.118254 0.301758 0.066667 0.105469
2 0.192063 0.072266 0.080952 0.044922
0 0.379762 0.608398 0.046825 0.042969
0 0.421429 0.504883 0.050794 0.058594
0 0.562698 0.256836 0.047619 0.082031
1 0.557937 0.734375 0.009524 0.013672
1 0.577778 0.889648 0.030159 0.019531
2 0.719048 0.119629 0.042857 0.141602
1 0.771429 0.214844 0.017460 0.025391
1 0.799206 0.031250 0.019048 0.029297
2 0.827778 0.060547 0.028571 0.076172
1 0.823016 0.281250 0.012698 0.021484
0 0.903968 0.078125 0.041270 0.080078
0 0.905556 0.847168 0.044444 0.034180
