2 0.113492 0.516602 0.060317 0.066406
0 0.123016 0.225586 0.034921 0.027344
1 0.119841 0.420898 0.012698 0.015625
1 0.126190 0.774414 0.009524 0.039062
1 0.188889 0.811523 0.011111 0.031250
0 0.215873 0.282227 0.017460 0.027344
2 0.336508 0.891602 0.141270 0.132812
0 0.291270 0.478516 0.041270 0.021484
0 0.326984 0.508789 0.074603 0.054688
0 0.381746 0.319336 0.028571 0.136719
1 0.531746 0.369629 0.036508 0.016602
0 0.561905 0.896484 0.030159 0.033203
0 0.564286 0.943359 0.031746 0.068359
2 0.803968 0.472656 0.171429 0.095703
0 0.841270 0.063477 0.055556 0.046875
2 0.938889 0.844727 0.044444 0.035156
