2 0.035937 0.503704 0.056250 0.109259
2 0.125000 0.113889 0.057292 0.114815
1 0.144531 0.941667 0.006771 0.014815
2 0.237500 0.254630 0.082292 0.285185
1 0.267708 0.184259 0.005208 0.022222
1 0.343229 0.462037 0.029167 0.007407
2 0.429167 0.587037 0.023958 0.072222
1 0.478385 0.311111 0.005729 0.012963
0 0.514583 0.954630 0.042708 0.007407
0 0.513542 0.089815 0.017708 0.044444
1 0.760938 0.934259 0.012500 0.033333
2 0.881771 0.691667 0.089583 0.307407
0 0.894792 0.832407 0.015625 0.007407
0 0.922396 0.731481 0.018750 0.035185
