0 0.105990 0.723148 0.007812 0.014815
0 0.153646 0.711111 0.039583 0.027778
2 0.177083 0.682870 0.028125 0.058333
2 0.324479 0.250000 0.056250 0.061111
1 0.314063 0.667593 0.004167 0.014815
0 0.324479 0.729630 0.008333 0.012963
2 0.335417 0.410185 0.028125 0.103704
2 0.451562 0.941667 0.054167 0.085185
0 0.517969 0.143519 0.034896 0.018519
2 0.530729 0.910185 0.027083 0.070370
0 0.553646 0.521296 0.018750 0.051852
1 0.561198 0.545370 0.006771 0.011111
2 0.669792 0.843519 0.159375 0.085185
1 0.752344 0.079167 0.005729 0.010185
1 0.796354 0.824074 0.027083 0.009259
2 0.870052 0.489815 0.043229 0.022222
