2 0.125397 0.789062 0.182540 0.193359
0 0.250000 0.399414 0.028571 0.050781
1 0.439683 0.584961 0.026984 0.023438
2 0.619048 0.165039 0.334921 0.195312
2 0.480556 0.893555 0.051587 0.082031
2 0.661905 0.335938 0.300000 0.478516
2 0.585317 0.603516 0.046825 0.076172
0 0.577778 0.198242 0.014286 0.046875
2 0.633333 0.479980 0.036508 0.022461
0 0.649206 0.049805 0.023810 0.066406
0 0.661111 0.082031 0.019048 0.052734
1 0.689683 0.097656 0.047619 0.087891
2 0.764286 0.239258 0.057143 0.046875
1 0.745238 0.700195 0.009524 0.011719
2 0.803175 0.427734 0.080952 0.208984
2 0.807937 0.715820 0.080952 0.109375
1 0.781349 0.339844 0.013492 0.021484
0 0.930159 0.813477 0.033333 0.015625
