2 0.155208 0.317593 0.253125 0.244444
2 0.088021 0.425926 0.037500 0.079630
0 0.144792 0.325000 0.007292 0.029630
0 0.173958 0.785185 0.042708 0.012963
2 0.202604 0.112037 0.083333 0.062963
2 0.278125 0.252778 0.032292 0.066667
1 0.286979 0.058333 0.020833 0.007407
2 0.356250 0.038889 0.021875 0.038889
2 0.484896 0.478704 0.275000 0.266667
0 0.418490 0.609259 0.003646 0.020370
2 0.605729 0.428704 0.200000 0.162963
0 0.573438 0.846296 0.039583 0.012963
2 0.600521 0.556481 0.060417 0.081481
2 0.589583 0.330556 0.030208 0.081481
0 0.792708 0.071296 0.028125 0.055556
2 0.861979 0.064815 0.052083 0.105556
