0 0.041270 0.208984 0.033333 0.052734
1 0.049206 0.284180 0.046032 0.007812
2 0.102381 0.522461 0.142857 0.191406
2 0.246825 0.683594 0.222222 0.318359
0 0.169841 0.169922 0.026984 0.041016
2 0.248016 0.641602 0.050000 0.093750
0 0.300794 0.391602 0.111111 0.050781
1 0.307143 0.349609 0.038095 0.025391
0 0.447222 0.579102 0.026190 0.031250
1 0.475397 0.654297 0.015873 0.017578
0 0.501587 0.189453 0.020635 0.017578
0 0.541270 0.618652 0.030159 0.049805
2 0.600794 0.608398 0.085714 0.183594
1 0.608730 0.781250 0.012698 0.017578
0 0.653175 0.738281 0.028571 0.009766
0 0.711905 0.474609 0.031746 0.048828
1 0.705159 0.745117 0.015079 0.031250
1 0.713492 0.560547 0.009524 0.009766
1 0.968254 0.531250 0.023810 0.029297
1 0.983333 0.376953 0.019048 0.017578
