2 0.032813 0.777778 0.056250 0.090741
1 0.045312 0.218519 0.033333 0.009259
0 0.069271 0.083796 0.010417 0.015741
2 0.520833 0.594444 0.871875 0.527778
2 0.179427 0.223148 0.067187 0.177778
1 0.194531 0.840278 0.006771 0.010185
0 0.210417 0.216667 0.013542 0.083333
0 0.303646 0.070370 0.072917 0.012963
0 0.443750 0.501852 0.011458 0.068519
0 0.532813 0.264815 0.033333 0.020370
0 0.765104 0.244444 0.008333 0.042593
0 0.794531 0.402778 0.042188 0.048148
2 0.824479 0.337963 0.045833 0.048148
1 0.928125 0.326852 0.028125 0.011111
