2 0.102381 0.347656 0.101587 0.111328
1 0.155556 0.024902 0.033333 0.022461
0 0.213095 0.418945 0.045238 0.050781
1 0.362698 0.187500 0.069841 0.142578
2 0.441270 0.418945 0.182540 0.074219
0 0.379365 0.187500 0.039683 0.044922
2 0.499206 0.698242 0.111111 0.070312
2 0.557937 0.677734 0.104762 0.119141
2 0.623016 0.260742 0.101587 0.136719
0 0.663492 0.897461 0.109524 0.054688
1 0.642857 0.044922 0.014286 0.021484
1 0.649206 0.273438 0.026984 0.021484
1 0.655556 0.250977 0.020635 0.027344
0 0.932143 0.875000 0.034127 0.021484
1 0.939683 0.065430 0.014286 0.042969
0 0.977778 0.074219 0.017460 0.080078
