2 0.254167 0.308333 0.032292 0.077778
0 0.285417 0.296296 0.042708 0.012963
2 0.479687 0.121296 0.070833 0.140741
1 0.461719 0.549074 0.011979 0.007407
0 0.589063 0.066667 0.039583 0.016667
0 0.643229 0.422685 0.035417 0.008333
0 0.644792 0.950000 0.040625 0.012963
2 0.692708 0.638889 0.082292 0.061111
0 0.706250 0.954630 0.028125 0.029630
0 0.722917 0.366667 0.034375 0.024074
0 0.805208 0.724074 0.023958 0.050000
1 0.879167 0.849074 0.005208 0.011111
2 0.907813 0.768519 0.033333 0.046296
2 0.925521 0.825926 0.060417 0.031481
2 0.928646 0.380556 0.027083 0.066667
