2 0.024740 0.043519 0.030729 0.066667
2 0.539062 0.644444 0.895833 0.542593
0 0.106771 0.503704 0.012500 0.012963
0 0.111458 0.879630 0.013542 0.012963
1 0.136719 0.604630 0.009896 0.007407
0 0.151042 0.057870 0.032292 0.034259
2 0.238542 0.625000 0.078125 0.092593
2 0.435417 0.184259 0.059375 0.203704
1 0.498958 0.983333 0.009375 0.009259
2 0.540104 0.181481 0.020833 0.053704
1 0.534896 0.333333 0.010417 0.016667
0 0.550000 0.777778 0.009375 0.016667
2 0.705729 0.238889 0.158333 0.046296
1 0.714323 0.916204 0.006771 0.010185
2 0.749479 0.885185 0.052083 0.053704
2 0.871875 0.035185 0.084375 0.024074
