2 0.114583 0.444444 0.086458 0.072222
1 0.096875 0.412037 0.009375 0.014815
2 0.110417 0.632407 0.034375 0.059259
1 0.136719 0.535185 0.005729 0.009259
0 0.209635 0.080556 0.025521 0.033333
1 0.221094 0.935185 0.007812 0.005556
0 0.264583 0.138889 0.007292 0.027778
2 0.518750 0.475926 0.196875 0.257407
0 0.466146 0.848148 0.010417 0.053704
0 0.501563 0.834259 0.016667 0.033333
1 0.588542 0.016667 0.023958 0.009259
2 0.778646 0.322222 0.360417 0.350000
2 0.869271 0.707407 0.025000 0.075926
1 0.917708 0.950926 0.005208 0.011111
0 0.952604 0.505556 0.025000 0.009259
0 0.965104 0.860185 0.037500 0.022222
