2 0.190476 0.445312 0.065079 0.080078
0 0.254762 0.679688 0.047619 0.037109
0 0.251587 0.979492 0.019048 0.011719
2 0.319048 0.116211 0.131746 0.070312
2 0.333333 0.326172 0.090476 0.052734
2 0.511111 0.498047 0.138095 0.103516
0 0.499603 0.100586 0.037302 0.031250
2 0.571429 0.383789 0.109524 0.058594
2 0.540476 0.188477 0.019048 0.101562
0 0.592063 0.185547 0.058730 0.083984
0 0.580159 0.620117 0.022222 0.039062
0 0.665079 0.587891 0.033333 0.041016
1 0.752381 0.578125 0.046032 0.009766
2 0.811905 0.474609 0.107937 0.130859
1 0.791270 0.965820 0.015873 0.023438
0 0.879365 0.765625 0.087302 0.025391
0 0.915079 0.813477 0.073016 0.050781
