1 0.052381 0.056641 0.052381 0.029297
0 0.025397 0.397461 0.017460 0.015625
0 0.138492 0.523438 0.050000 0.056641
0 0.142857 0.715820 0.036508 0.066406
1 0.264286 0.378906 0.009524 0.021484
0 0.321429 0.855469 0.034921 0.048828
2 0.380159 0.132812 0.120635 0.060547
0 0.396825 0.914062 0.030159 0.048828
2 0.521429 0.408203 0.133333 0.275391
1 0.557540 0.528320 0.007143 0.011719
0 0.587302 0.866211 0.033333 0.093750
0 0.615873 0.895508 0.033333 0.039062
1 0.715079 0.862305 0.028571 0.031250
1 0.820635 0.070312 0.017460 0.017578
1 0.934127 0.329102 0.022222 0.031250
