2 0.053968 0.727539 0.055556 0.101562
0 0.071032 0.862305 0.042063 0.050781
1 0.065079 0.779297 0.014286 0.029297
1 0.173810 0.330078 0.012698 0.013672
2 0.492857 0.387695 0.193651 0.140625
2 0.664286 0.403320 0.349206 0.285156
2 0.561111 0.619141 0.041270 0.095703
0 0.634921 0.494141 0.061905 0.025391
0 0.646825 0.646484 0.069841 0.126953
1 0.630159 0.462891 0.017460 0.064453
1 0.726984 0.122070 0.017460 0.015625
2 0.750794 0.698242 0.055556 0.058594
2 0.821429 0.209961 0.044444 0.058594
1 0.859921 0.179688 0.008730 0.013672
