0 0.072222 0.260742 0.012698 0.042969
2 0.183333 0.329102 0.193651 0.117188
0 0.132540 0.149414 0.028571 0.140625
1 0.234127 0.266602 0.019048 0.027344
0 0.269048 0.310547 0.022222 0.025391
2 0.342460 0.132812 0.119841 0.181641
2 0.379365 0.180664 0.144444 0.078125
2 0.469048 0.866211 0.095238 0.058594
0 0.572222 0.305664 0.034921 0.113281
0 0.623810 0.211914 0.049206 0.027344
0 0.691270 0.579102 0.019048 0.089844
0 0.791270 0.141602 0.031746 0.070312
2 0.837302 0.679688 0.079365 0.056641
1 0.907937 0.571289 0.014286 0.019531
