0 0.180952 0.858398 0.077778 0.128906
2 0.226587 0.206055 0.021429 0.050781
0 0.459524 0.875000 0.028571 0.080078
2 0.521429 0.412109 0.107937 0.169922
2 0.699206 0.600586 0.406349 0.109375
0 0.557143 0.111328 0.026984 0.064453
0 0.628571 0.106445 0.077778 0.050781
1 0.684524 0.274414 0.046825 0.015625
2 0.768254 0.625000 0.046032 0.048828
2 0.824603 0.720703 0.146032 0.162109
1 0.787302 0.029297 0.007937 0.013672
1 0.815873 0.197266 0.014286 0.013672
2 0.884921 0.821289 0.079365 0.101562
2 0.923016 0.378418 0.107937 0.116211
