0 0.218254 0.085938 0.104762 0.048828
0 0.260317 0.454102 0.128571 0.160156
2 0.289683 0.093750 0.085714 0.056641
0 0.319841 0.026367 0.019048 0.023438
0 0.334127 0.353516 0.031746 0.044922
1 0.347619 0.381348 0.058730 0.020508
1 0.354762 0.587402 0.022222 0.014648
0 0.395238 0.596680 0.055556 0.027344
2 0.425397 0.195312 0.055556 0.193359
2 0.433333 0.613281 0.065079 0.130859
0 0.527778 0.722656 0.041270 0.017578
0 0.677778 0.188477 0.033333 0.039062
1 0.673810 0.453125 0.009524 0.009766
1 0.756349 0.946289 0.022222 0.031250
2 0.861111 0.825195 0.053968 0.089844
1 0.849206 0.216797 0.011111 0.013672
0 0.918254 0.147461 0.047619 0.054688
