0 0.038542 0.210185 0.028125 0.055556
2 0.065885 0.745370 0.028646 0.051852
1 0.116667 0.801852 0.005208 0.016667
1 0.216667 0.856481 0.009375 0.014815
2 0.373437 0.621296 0.277083 0.462963
2 0.273958 0.738889 0.055208 0.042593
2 0.456771 0.893519 0.125000 0.037037
1 0.559375 0.340741 0.011458 0.016667
2 0.592708 0.444444 0.071875 0.061111
0 0.584375 0.906481 0.028125 0.018519
1 0.623437 0.782407 0.012500 0.033333
1 0.673438 0.300000 0.006250 0.009259
2 0.718229 0.104630 0.047917 0.025926
0 0.833854 0.839815 0.020833 0.059259
1 0.954167 0.109259 0.026042 0.009259
