1 0.049206 0.863281 0.026984 0.064453
2 0.093651 0.415039 0.065079 0.085938
0 0.087302 0.496094 0.011111 0.013672
0 0.194444 0.095703 0.022222 0.021484
1 0.265873 0.792969 0.025397 0.013672
1 0.277778 0.341797 0.020635 0.025391
2 0.469048 0.645508 0.222222 0.492188
2 0.506349 0.845703 0.268254 0.166016
2 0.416667 0.297852 0.053968 0.070312
2 0.434921 0.654297 0.061905 0.083984
0 0.441270 0.150391 0.026984 0.056641
0 0.567460 0.379883 0.079365 0.046875
1 0.538889 0.626953 0.019048 0.041016
0 0.710317 0.674805 0.079365 0.031250
0 0.727778 0.199219 0.041270 0.076172
0 0.778571 0.930664 0.073016 0.089844
