0 0.042708 0.564815 0.036458 0.020370
0 0.065625 0.690741 0.038542 0.050000
0 0.127604 0.567593 0.037500 0.018519
1 0.141406 0.306481 0.006771 0.007407
1 0.195833 0.431481 0.009375 0.012963
2 0.251042 0.048148 0.040625 0.064815
2 0.379688 0.183333 0.143750 0.075926
2 0.371354 0.353704 0.075000 0.075926
0 0.369792 0.808333 0.015625 0.044444
2 0.425000 0.116667 0.063542 0.064815
0 0.522917 0.849074 0.061458 0.025926
2 0.746354 0.622222 0.020833 0.053704
2 0.761979 0.862963 0.033333 0.079630
0 0.777083 0.021296 0.055208 0.025926
0 0.954167 0.706481 0.046875 0.007407
