2 0.135937 0.555556 0.089583 0.138889
2 0.182812 0.517593 0.141667 0.074074
2 0.196354 0.082407 0.110417 0.033333
2 0.199479 0.581481 0.056250 0.090741
2 0.235417 0.359259 0.101042 0.057407
1 0.311458 0.938889 0.034375 0.009259
0 0.379167 0.232407 0.034375 0.044444
1 0.380990 0.013889 0.008854 0.007407
2 0.458854 0.551852 0.068750 0.057407
0 0.566146 0.680556 0.018750 0.033333
2 0.794792 0.776852 0.167708 0.281481
2 0.778385 0.840741 0.009896 0.027778
0 0.833854 0.599074 0.010417 0.037037
1 0.968490 0.872222 0.008854 0.005556
