2 0.085714 0.726562 0.063492 0.064453
2 0.162698 0.135742 0.117460 0.171875
2 0.199206 0.782227 0.126984 0.175781
0 0.294444 0.731445 0.028571 0.082031
0 0.337302 0.713867 0.101587 0.187500
1 0.311111 0.095703 0.011111 0.017578
0 0.379365 0.723633 0.030159 0.050781
2 0.469841 0.788086 0.163492 0.148438
0 0.522222 0.325195 0.090476 0.156250
0 0.574603 0.166016 0.025397 0.060547
0 0.626190 0.088379 0.104762 0.067383
2 0.766667 0.276367 0.242857 0.109375
2 0.842063 0.285156 0.142857 0.087891
0 0.833333 0.760742 0.020635 0.042969
