2 0.088889 0.869141 0.071429 0.185547
2 0.195238 0.282227 0.214286 0.515625
0 0.174206 0.389648 0.032540 0.039062
0 0.210317 0.357422 0.015873 0.076172
2 0.270635 0.733398 0.079365 0.132812
0 0.306349 0.319336 0.093651 0.042969
0 0.373810 0.831055 0.038095 0.054688
2 0.423810 0.617188 0.074603 0.119141
1 0.501190 0.920410 0.023016 0.012695
1 0.517460 0.314453 0.007937 0.009766
2 0.565476 0.231445 0.050000 0.105469
1 0.616667 0.037109 0.015873 0.021484
0 0.653968 0.070312 0.055556 0.048828
0 0.640476 0.698242 0.025397 0.042969
1 0.722222 0.151367 0.023810 0.027344
2 0.815079 0.195312 0.047619 0.111328
2 0.907937 0.420898 0.055556 0.023438
0 0.913095 0.795898 0.015079 0.023438
1 0.947619 0.220703 0.011111 0.068359
