2 0.205208 0.626852 0.365625 0.355556
2 0.202083 0.603704 0.026042 0.068519
1 0.241667 0.948148 0.007292 0.012963
0 0.265625 0.528704 0.015625 0.044444
2 0.314844 0.837037 0.058854 0.161111
2 0.379167 0.555556 0.182292 0.153704
2 0.442188 0.885185 0.202083 0.198148
2 0.520833 0.638889 0.209375 0.216667
0 0.457292 0.419444 0.023958 0.022222
2 0.557813 0.903704 0.020833 0.050000
2 0.696875 0.515741 0.265625 0.444444
0 0.586979 0.120370 0.010417 0.031481
0 0.780729 0.124074 0.043750 0.027778
2 0.835417 0.400926 0.096875 0.144444
0 0.928906 0.193519 0.014063 0.029630
1 0.959896 0.016667 0.006250 0.009259
