0 0.252381 0.440430 0.046032 0.085938
2 0.249603 0.338867 0.032540 0.046875
2 0.330159 0.282227 0.128571 0.183594
2 0.330159 0.735352 0.026984 0.121094
0 0.383333 0.496094 0.101587 0.068359
2 0.457937 0.251953 0.107937 0.181641
2 0.524603 0.519531 0.107937 0.197266
0 0.537302 0.843750 0.082540 0.060547
2 0.543651 0.408203 0.085714 0.138672
2 0.620635 0.761719 0.065079 0.064453
0 0.690476 0.530762 0.033333 0.030273
0 0.692063 0.179688 0.026984 0.083984
2 0.769841 0.571289 0.160317 0.167969
0 0.702381 0.300781 0.012698 0.029297
2 0.744444 0.510742 0.090476 0.167969
0 0.742063 0.882812 0.015873 0.095703
1 0.770238 0.942383 0.008730 0.050781
1 0.861111 0.665039 0.050794 0.027344
