0 0.066667 0.502778 0.042708 0.007407
1 0.096875 0.728704 0.007292 0.011111
1 0.204687 0.623148 0.025000 0.007407
2 0.257292 0.119444 0.105208 0.055556
0 0.327083 0.078704 0.036458 0.040741
0 0.351042 0.055556 0.028125 0.035185
1 0.385937 0.639815 0.004167 0.018519
2 0.559896 0.636111 0.272917 0.455556
1 0.549479 0.470370 0.010417 0.016667
0 0.668229 0.398148 0.037500 0.020370
0 0.745833 0.529630 0.036458 0.016667
2 0.775000 0.650926 0.080208 0.081481
2 0.833854 0.736111 0.075000 0.259259
0 0.828646 0.926852 0.010417 0.029630
0 0.861458 0.663889 0.038542 0.025926
