2 0.064286 0.511719 0.053968 0.123047
0 0.061905 0.454102 0.026984 0.027344
0 0.103571 0.242188 0.035714 0.033203
2 0.226984 0.927734 0.087302 0.064453
0 0.232540 0.162109 0.066667 0.076172
2 0.341270 0.344727 0.214286 0.230469
2 0.261905 0.403320 0.017460 0.027344
2 0.399206 0.883789 0.130159 0.070312
0 0.428571 0.113281 0.049206 0.115234
0 0.442063 0.655273 0.073016 0.070312
0 0.457143 0.960938 0.007937 0.021484
2 0.589683 0.618164 0.076190 0.066406
1 0.580556 0.151367 0.019841 0.023438
0 0.794444 0.550781 0.031746 0.052734
