1 0.133333 0.724609 0.042857 0.021484
2 0.168254 0.706055 0.090476 0.128906
1 0.295238 0.841797 0.100000 0.064453
0 0.265079 0.077148 0.049206 0.089844
2 0.326984 0.466797 0.080952 0.072266
0 0.310714 0.379883 0.032540 0.062500
0 0.512302 0.502930 0.005556 0.019531
1 0.516270 0.454102 0.010317 0.023438
1 0.569841 0.222656 0.061905 0.091797
2 0.717460 0.121094 0.074603 0.166016
2 0.754762 0.135742 0.015873 0.035156
2 0.854365 0.210938 0.062698 0.080078
0 0.863095 0.385742 0.027778 0.074219
0 0.938095 0.142578 0.033333 0.052734
