2 0.096875 0.406481 0.146875 0.192593
0 0.035937 0.756481 0.012500 0.059259
0 0.096875 0.341667 0.013542 0.051852
1 0.129167 0.847222 0.021875 0.007407
2 0.229687 0.249074 0.022917 0.055556
0 0.369271 0.193519 0.037500 0.048148
1 0.358333 0.342593 0.013542 0.005556
0 0.417708 0.584259 0.042708 0.018519
0 0.486979 0.173148 0.014583 0.088889
0 0.498958 0.253704 0.021875 0.009259
1 0.517448 0.510185 0.015104 0.003704
0 0.530208 0.318519 0.009375 0.050000
1 0.561979 0.664815 0.014583 0.005556
0 0.769271 0.912963 0.025000 0.005556
1 0.764062 0.925926 0.008333 0.020370
1 0.901042 0.292130 0.011458 0.006481
