1 0.039683 0.381836 0.011111 0.027344
0 0.129365 0.814453 0.022222 0.044922
0 0.230556 0.487305 0.018254 0.136719
0 0.271429 0.310547 0.080952 0.033203
0 0.285714 0.874023 0.039683 0.050781
1 0.315873 0.093750 0.017460 0.033203
2 0.393651 0.454102 0.157143 0.328125
2 0.407143 0.458008 0.082540 0.039062
1 0.538889 0.929688 0.009524 0.013672
0 0.558730 0.317383 0.042857 0.035156
1 0.650794 0.611328 0.014286 0.052734
2 0.717460 0.216797 0.087302 0.173828
1 0.704762 0.845703 0.052381 0.080078
1 0.777778 0.587891 0.017460 0.017578
0 0.807143 0.854492 0.047619 0.058594
2 0.832540 0.152344 0.022222 0.052734
