2 0.047396 0.244444 0.062500 0.057407
0 0.090104 0.190741 0.031250 0.016667
0 0.248698 0.129630 0.014063 0.083333
2 0.282292 0.887963 0.023958 0.040741
2 0.341406 0.335185 0.034896 0.075926
2 0.421875 0.831481 0.059375 0.050000
0 0.472656 0.125000 0.042188 0.048148
2 0.507292 0.432407 0.096875 0.144444
2 0.578125 0.575000 0.088542 0.088889
1 0.556250 0.888889 0.019792 0.005556
2 0.659896 0.697222 0.033333 0.070370
2 0.706771 0.625926 0.054167 0.046296
0 0.773177 0.452778 0.013021 0.077778
2 0.859896 0.308333 0.033333 0.081481
2 0.914323 0.076852 0.075521 0.037037
1 0.954167 0.872222 0.009375 0.020370
0 0.975000 0.784259 0.023958 0.044444
