1 0.050794 0.777344 0.011111 0.025391
2 0.087698 0.777344 0.064286 0.099609
1 0.154365 0.400391 0.011905 0.013672
0 0.197619 0.227539 0.025397 0.140625
0 0.240476 0.658203 0.079365 0.044922
2 0.431746 0.804688 0.106349 0.201172
2 0.450000 0.937500 0.050794 0.044922
2 0.530159 0.562500 0.058730 0.333984
0 0.571032 0.579102 0.062698 0.082031
2 0.601587 0.664062 0.087302 0.052734
2 0.584127 0.916992 0.023810 0.058594
1 0.613492 0.144531 0.022222 0.025391
0 0.739683 0.166992 0.017460 0.023438
1 0.777381 0.897461 0.026190 0.066406
2 0.871429 0.582031 0.080952 0.021484
0 0.903968 0.130859 0.053968 0.064453
