1 0.108730 0.834961 0.022222 0.023438
2 0.182540 0.955078 0.052381 0.021484
2 0.313095 0.423828 0.115079 0.087891
0 0.365079 0.669922 0.014286 0.064453
0 0.411111 0.691406 0.039683 0.099609
2 0.488095 0.204102 0.171429 0.125000
1 0.450794 0.652344 0.007937 0.013672
2 0.511905 0.272461 0.050794 0.136719
2 0.669841 0.453125 0.182540 0.095703
2 0.647619 0.612305 0.084127 0.062500
0 0.709524 0.165039 0.074603 0.035156
2 0.890476 0.606445 0.147619 0.101562
2 0.904762 0.126953 0.144444 0.099609
2 0.960317 0.350586 0.023810 0.046875
