0 0.057143 0.342773 0.020635 0.074219
2 0.189683 0.378906 0.104762 0.232422
2 0.326984 0.578125 0.315873 0.240234
1 0.358730 0.315430 0.207937 0.234375
2 0.361111 0.925781 0.050794 0.103516
0 0.439683 0.109375 0.100000 0.080078
0 0.486508 0.607422 0.073016 0.072266
1 0.461905 0.732422 0.020635 0.029297
2 0.687302 0.444336 0.411111 0.472656
2 0.568254 0.564453 0.055556 0.080078
1 0.577778 0.969727 0.017460 0.031250
1 0.631349 0.930664 0.013492 0.027344
0 0.656746 0.741211 0.030952 0.035156
0 0.715873 0.298828 0.023810 0.041016
1 0.753175 0.844727 0.009524 0.015625
0 0.883333 0.221680 0.063492 0.058594
0 0.868254 0.704102 0.030159 0.035156
