2 0.478125 0.292593 0.907292 0.546296
1 0.066667 0.771296 0.013542 0.011111
0 0.096354 0.637037 0.039583 0.050000
2 0.146875 0.093519 0.067708 0.037037
1 0.163281 0.423148 0.006771 0.022222
0 0.215104 0.527778 0.027083 0.053704
0 0.268750 0.473148 0.030208 0.014815
0 0.326562 0.536111 0.016667 0.100000
2 0.529687 0.793519 0.104167 0.155556
0 0.588021 0.765741 0.033333 0.007407
2 0.643490 0.513889 0.067187 0.059259
2 0.743750 0.621296 0.057292 0.114815
1 0.871875 0.859259 0.023958 0.009259
0 0.919271 0.902778 0.052083 0.037037
