1 0.070635 0.202148 0.034921 0.035156
0 0.073810 0.876953 0.022222 0.029297
2 0.171429 0.250977 0.046032 0.148438
0 0.250794 0.742188 0.052381 0.056641
1 0.280952 0.102539 0.014286 0.027344
0 0.292063 0.845703 0.020635 0.037109
1 0.332540 0.893555 0.025397 0.031250
2 0.577778 0.441406 0.236508 0.103516
1 0.626984 0.349609 0.020635 0.013672
1 0.674206 0.967773 0.019841 0.007812
2 0.730159 0.075195 0.049206 0.097656
2 0.836508 0.465820 0.233333 0.226562
2 0.798413 0.351562 0.068254 0.111328
0 0.862698 0.221680 0.082540 0.039062
1 0.863492 0.654297 0.011111 0.013672
0 0.946032 0.800781 0.061905 0.041016
1 0.974603 0.914062 0.017460 0.021484
