0 0.127778 0.833008 0.146032 0.042969
0 0.078175 0.919922 0.024603 0.025391
2 0.238095 0.232422 0.061905 0.029297
1 0.212698 0.328125 0.007937 0.013672
2 0.267460 0.720703 0.079365 0.130859
0 0.269841 0.959961 0.020635 0.023438
1 0.418254 0.404297 0.015873 0.017578
0 0.427778 0.331055 0.015873 0.042969
0 0.474603 0.596680 0.026984 0.042969
0 0.492857 0.434570 0.060317 0.097656
1 0.517460 0.936523 0.007937 0.011719
2 0.548413 0.682617 0.031746 0.031250
2 0.743651 0.646484 0.323810 0.408203
0 0.626190 0.040039 0.044444 0.046875
2 0.651587 0.823242 0.025397 0.046875
1 0.769048 0.109863 0.057143 0.075195
1 0.781746 0.430664 0.085714 0.054688
1 0.777381 0.202148 0.011905 0.023438
1 0.775397 0.547852 0.009524 0.007812
1 0.950794 0.219727 0.026984 0.062500
