2 0.104762 0.631836 0.119048 0.234375
0 0.216667 0.670898 0.117460 0.039062
0 0.237302 0.546875 0.060317 0.064453
2 0.246032 0.241211 0.065079 0.097656
2 0.240476 0.439453 0.050794 0.115234
0 0.250794 0.905273 0.023810 0.031250
0 0.284921 0.414062 0.022222 0.044922
2 0.473016 0.116211 0.112698 0.167969
0 0.607143 0.694336 0.126984 0.035156
0 0.576984 0.310547 0.025397 0.056641
2 0.688095 0.368164 0.104762 0.265625
2 0.792857 0.921387 0.126984 0.088867
1 0.803175 0.543945 0.017460 0.062500
2 0.907937 0.689453 0.122222 0.076172
2 0.913492 0.809570 0.041270 0.128906
