1 0.041667 0.939453 0.015079 0.005859
0 0.089683 0.625000 0.053968 0.048828
0 0.198413 0.442383 0.112698 0.152344
2 0.195238 0.236328 0.093651 0.064453
1 0.163095 0.200195 0.015079 0.050781
2 0.314286 0.449219 0.233333 0.326172
2 0.257143 0.157227 0.046032 0.113281
2 0.411111 0.914062 0.052381 0.044922
1 0.459524 0.347656 0.009524 0.037109
1 0.583333 0.077148 0.012698 0.007812
0 0.732540 0.749512 0.098413 0.084961
1 0.713492 0.356445 0.019048 0.027344
0 0.728571 0.800781 0.030159 0.076172
2 0.901587 0.300781 0.030159 0.107422
2 0.958730 0.366211 0.068254 0.218750
