0 0.092063 0.494141 0.052381 0.103516
2 0.294444 0.605469 0.336508 0.455078
2 0.337302 0.631836 0.247619 0.531250
1 0.319841 0.330078 0.015873 0.091797
2 0.483333 0.562500 0.123810 0.087891
0 0.450794 0.378906 0.036508 0.037109
2 0.460317 0.535156 0.049206 0.111328
0 0.466270 0.422852 0.016667 0.027344
2 0.567460 0.644531 0.050794 0.037109
1 0.707143 0.538086 0.022222 0.023438
0 0.813889 0.046875 0.027778 0.025391
0 0.847619 0.035156 0.036508 0.041016
1 0.893651 0.788086 0.011111 0.011719
1 0.980952 0.260742 0.007937 0.011719
