2 0.140476 0.191406 0.060317 0.134766
2 0.196032 0.810547 0.155556 0.076172
0 0.205556 0.232422 0.057143 0.048828
1 0.188889 0.936523 0.020635 0.027344
2 0.263492 0.105469 0.049206 0.150391
0 0.300794 0.366211 0.038095 0.027344
2 0.377778 0.604492 0.093651 0.183594
0 0.386508 0.736328 0.038095 0.060547
2 0.442063 0.668945 0.063492 0.054688
1 0.507143 0.536133 0.104762 0.070312
0 0.518254 0.606445 0.053968 0.027344
0 0.583333 0.274414 0.073016 0.027344
0 0.576190 0.418945 0.055556 0.062500
1 0.596032 0.057129 0.041270 0.028320
2 0.636508 0.919922 0.046032 0.080078
1 0.654762 0.446289 0.019048 0.027344
0 0.838095 0.507812 0.077778 0.044922
