1 0.179365 0.759766 0.011111 0.013672
2 0.254762 0.477539 0.139683 0.062500
1 0.200000 0.900391 0.023810 0.025391
2 0.315079 0.899414 0.130159 0.113281
0 0.312698 0.780273 0.036508 0.054688
2 0.395238 0.582031 0.115873 0.103516
0 0.402381 0.894531 0.057143 0.158203
0 0.550794 0.771484 0.046032 0.068359
0 0.616667 0.720703 0.015873 0.033203
0 0.666667 0.507812 0.036508 0.056641
1 0.683730 0.690918 0.045238 0.034180
2 0.785714 0.321289 0.239683 0.351562
2 0.757143 0.325195 0.125397 0.097656
0 0.863889 0.662109 0.086508 0.044922
2 0.876984 0.175781 0.079365 0.044922
