2 0.061905 0.314453 0.020635 0.044922
1 0.130556 0.929688 0.094444 0.083984
2 0.149206 0.703125 0.112698 0.099609
2 0.137302 0.351562 0.060317 0.130859
2 0.133333 0.659180 0.046032 0.050781
2 0.234921 0.642578 0.204762 0.447266
1 0.176190 0.103516 0.017460 0.041016
1 0.267460 0.785156 0.038095 0.041016
1 0.326190 0.041992 0.031746 0.054688
1 0.328571 0.196289 0.011111 0.007812
2 0.411905 0.406250 0.063492 0.158203
0 0.453175 0.402344 0.012698 0.025391
0 0.488889 0.540039 0.036508 0.164062
2 0.482143 0.446289 0.026190 0.027344
2 0.555556 0.636719 0.055556 0.080078
0 0.546032 0.472656 0.033333 0.048828
2 0.723810 0.495117 0.128571 0.222656
1 0.873810 0.175781 0.088889 0.048828
0 0.912698 0.251953 0.042857 0.119141
