2 0.077778 0.386719 0.071429 0.076172
0 0.176984 0.405273 0.012698 0.023438
1 0.228571 0.954102 0.014286 0.011719
2 0.278571 0.271484 0.044444 0.076172
1 0.311111 0.166504 0.065079 0.067383
2 0.328571 0.448242 0.049206 0.144531
1 0.328571 0.365234 0.020635 0.025391
0 0.354762 0.836914 0.047619 0.035156
2 0.430159 0.131836 0.068254 0.101562
1 0.412698 0.515625 0.026984 0.017578
2 0.534127 0.322266 0.082540 0.111328
2 0.701587 0.357422 0.290476 0.142578
1 0.606349 0.382812 0.033333 0.013672
1 0.613095 0.210449 0.018254 0.010742
2 0.744444 0.759766 0.096825 0.056641
0 0.823016 0.395508 0.034921 0.031250
2 0.863889 0.086914 0.100794 0.121094
0 0.900794 0.624023 0.038095 0.050781
