2 0.230952 0.502930 0.155556 0.214844
2 0.202381 0.387695 0.031746 0.046875
2 0.271429 0.538086 0.106349 0.070312
0 0.317460 0.775391 0.011111 0.080078
0 0.339683 0.593750 0.042857 0.025391
1 0.340079 0.065430 0.034127 0.019531
1 0.470635 0.224609 0.014286 0.056641
1 0.526190 0.941406 0.019048 0.033203
1 0.634127 0.731445 0.028571 0.042969
2 0.645635 0.491211 0.040476 0.039062
0 0.665873 0.596680 0.015873 0.007812
0 0.684127 0.451172 0.046032 0.064453
2 0.742063 0.638672 0.031746 0.072266
2 0.769048 0.083984 0.028571 0.087891
2 0.798810 0.802734 0.061111 0.080078
