1 0.038095 0.974609 0.023810 0.021484
2 0.277778 0.628906 0.182540 0.060547
1 0.204762 0.843750 0.014286 0.060547
2 0.287302 0.242188 0.042857 0.037109
2 0.317460 0.319336 0.039683 0.109375
1 0.367460 0.105469 0.019048 0.056641
0 0.547619 0.877930 0.068254 0.042969
0 0.570635 0.296875 0.085714 0.064453
1 0.667460 0.756836 0.028571 0.031250
2 0.886508 0.792969 0.155556 0.115234
1 0.867063 0.976562 0.018254 0.005859
1 0.881746 0.531250 0.015873 0.013672
2 0.933333 0.626953 0.036508 0.072266
0 0.928968 0.038086 0.015079 0.023438
