2 0.089683 0.673828 0.120635 0.138672
0 0.119841 0.078125 0.028571 0.041016
2 0.160714 0.313477 0.054762 0.136719
1 0.250000 0.594727 0.019048 0.023438
2 0.406349 0.307617 0.271429 0.550781
2 0.465873 0.522461 0.225397 0.148438
1 0.456349 0.583008 0.015873 0.015625
0 0.525397 0.398438 0.061905 0.056641
1 0.554762 0.575195 0.012698 0.015625
2 0.602381 0.835938 0.101587 0.205078
0 0.596032 0.257812 0.044444 0.021484
0 0.691270 0.385742 0.034921 0.050781
1 0.712698 0.045898 0.011111 0.015625
1 0.729365 0.208008 0.015873 0.082031
1 0.823810 0.805664 0.017460 0.066406
1 0.863492 0.760742 0.011111 0.015625
2 0.897619 0.718750 0.069841 0.044922
1 0.906349 0.047852 0.017460 0.019531
