0 0.102381 0.727539 0.120635 0.035156
2 0.119048 0.201172 0.068254 0.138672
1 0.180952 0.398438 0.011111 0.041016
0 0.342063 0.076172 0.123810 0.048828
0 0.350794 0.916016 0.026984 0.126953
2 0.380952 0.445312 0.052381 0.138672
0 0.375794 0.839844 0.023016 0.048828
2 0.626190 0.575195 0.126984 0.175781
2 0.608730 0.711914 0.047619 0.132812
1 0.596825 0.375977 0.017460 0.023438
2 0.640476 0.452148 0.066667 0.105469
0 0.691270 0.150391 0.047619 0.037109
0 0.702381 0.539062 0.063492 0.025391
0 0.788889 0.304688 0.030159 0.025391
0 0.866667 0.631836 0.036508 0.046875
2 0.870635 0.618164 0.031746 0.097656
1 0.943651 0.616211 0.019048 0.015625
