0 0.039683 0.632812 0.046032 0.044922
1 0.140476 0.692383 0.041270 0.054688
0 0.100794 0.445312 0.019048 0.013672
0 0.148413 0.547852 0.028571 0.070312
2 0.242857 0.591797 0.185714 0.166016
2 0.304762 0.496094 0.173016 0.142578
1 0.257143 0.447266 0.071429 0.099609
1 0.234524 0.083008 0.019841 0.023438
2 0.276984 0.726562 0.041270 0.029297
1 0.392857 0.189453 0.025397 0.025391
2 0.492857 0.600586 0.063492 0.050781
1 0.526984 0.902344 0.017460 0.021484
1 0.646032 0.225586 0.017460 0.015625
0 0.733333 0.908203 0.026984 0.041016
0 0.876984 0.776367 0.095238 0.074219
0 0.884127 0.929688 0.065079 0.056641
1 0.932937 0.042969 0.035714 0.056641
1 0.983333 0.105469 0.019048 0.017578
