1 0.153175 0.674805 0.015873 0.023438
2 0.171429 0.228516 0.033333 0.037109
2 0.236508 0.666992 0.093651 0.113281
2 0.355556 0.339844 0.274603 0.376953
2 0.412698 0.334961 0.211111 0.070312
1 0.324603 0.463867 0.019048 0.027344
1 0.326190 0.100586 0.012698 0.011719
1 0.342063 0.950195 0.015873 0.023438
1 0.421032 0.175781 0.010317 0.037109
0 0.453571 0.407227 0.013492 0.019531
2 0.615873 0.854980 0.166667 0.112305
0 0.607937 0.529297 0.119048 0.076172
0 0.705556 0.192383 0.053968 0.046875
0 0.705556 0.908203 0.028571 0.029297
