2 0.046032 0.843750 0.074603 0.044922
2 0.209524 0.184570 0.100000 0.136719
1 0.201984 0.365234 0.010317 0.017578
0 0.322619 0.883789 0.151587 0.109375
0 0.269841 0.146484 0.023810 0.037109
0 0.338095 0.795898 0.014286 0.062500
1 0.365873 0.712891 0.047619 0.029297
0 0.423016 0.745605 0.085714 0.096680
1 0.388889 0.807617 0.014286 0.031250
0 0.411111 0.076172 0.033333 0.099609
2 0.423016 0.917969 0.053968 0.130859
2 0.438889 0.736328 0.066667 0.224609
0 0.419841 0.513672 0.022222 0.041016
2 0.448413 0.357422 0.047619 0.076172
0 0.565476 0.314453 0.056349 0.123047
0 0.578571 0.866211 0.044444 0.082031
2 0.635714 0.342773 0.142857 0.070312
1 0.908730 0.864258 0.079365 0.039062
