0 0.072619 0.050781 0.013492 0.068359
0 0.117460 0.119141 0.077778 0.189453
1 0.178571 0.315430 0.009524 0.015625
0 0.202381 0.958496 0.050794 0.022461
2 0.213492 0.350586 0.034921 0.101562
1 0.246032 0.836914 0.011111 0.035156
2 0.322222 0.511719 0.058730 0.056641
0 0.446032 0.300781 0.144444 0.142578
1 0.450000 0.079102 0.022222 0.023438
2 0.761905 0.678711 0.341270 0.257812
0 0.650794 0.804688 0.030159 0.064453
0 0.691270 0.463867 0.015873 0.027344
2 0.715873 0.223633 0.052381 0.031250
2 0.766667 0.329102 0.033333 0.093750
2 0.807143 0.327148 0.060317 0.113281
0 0.857937 0.543945 0.025397 0.039062
0 0.933333 0.175781 0.039683 0.072266
