0 0.251190 0.100586 0.056349 0.027344
0 0.206746 0.038086 0.021429 0.027344
2 0.260317 0.411133 0.042857 0.085938
0 0.261508 0.552734 0.035714 0.029297
2 0.438095 0.307617 0.220635 0.269531
0 0.364286 0.197266 0.031746 0.068359
2 0.439683 0.215332 0.093651 0.094727
0 0.439683 0.964844 0.061905 0.033203
0 0.425000 0.554688 0.021429 0.087891
1 0.479365 0.827148 0.023810 0.050781
2 0.588889 0.520508 0.042857 0.121094
2 0.656349 0.328125 0.098413 0.083984
1 0.723810 0.457031 0.026984 0.037109
2 0.800794 0.196289 0.155556 0.082031
2 0.969048 0.355469 0.025397 0.037109
