1 0.038095 0.653320 0.020635 0.019531
2 0.104762 0.892578 0.084127 0.134766
0 0.246825 0.825195 0.047619 0.113281
1 0.336508 0.476562 0.011111 0.013672
0 0.384921 0.208008 0.053968 0.035156
1 0.404365 0.326172 0.038889 0.095703
2 0.570635 0.186523 0.114286 0.238281
1 0.580159 0.339844 0.082540 0.037109
2 0.709524 0.687500 0.280952 0.240234
0 0.658730 0.771484 0.087302 0.134766
2 0.769048 0.383789 0.168254 0.171875
2 0.780159 0.600586 0.063492 0.171875
1 0.807937 0.664062 0.017460 0.025391
2 0.917460 0.508789 0.046032 0.140625
