2 0.046032 0.094727 0.049206 0.046875
0 0.178571 0.489258 0.069841 0.062500
2 0.203175 0.381836 0.014286 0.082031
1 0.214286 0.658203 0.014286 0.013672
0 0.233333 0.043945 0.042857 0.058594
1 0.288095 0.898438 0.066667 0.037109
0 0.401984 0.717773 0.062698 0.050781
2 0.503175 0.845703 0.138095 0.173828
0 0.692857 0.320312 0.066667 0.076172
2 0.717460 0.507812 0.049206 0.064453
0 0.762698 0.133789 0.057143 0.042969
0 0.761905 0.337891 0.036508 0.029297
1 0.775397 0.708008 0.006349 0.042969
0 0.958730 0.162109 0.058730 0.033203
