0 0.083333 0.800781 0.063492 0.060547
0 0.103968 0.488281 0.050794 0.068359
2 0.134524 0.440430 0.092857 0.082031
0 0.130159 0.622070 0.055556 0.132812
2 0.165873 0.429688 0.044444 0.119141
2 0.265079 0.635742 0.071429 0.101562
1 0.284921 0.444336 0.019048 0.019531
0 0.294444 0.736328 0.022222 0.017578
0 0.332540 0.541992 0.044444 0.046875
2 0.365873 0.605469 0.085714 0.048828
1 0.367063 0.060059 0.019841 0.018555
1 0.456349 0.523438 0.047619 0.025391
2 0.720635 0.257812 0.141270 0.080078
0 0.865079 0.730469 0.011111 0.052734
