0 0.063492 0.378906 0.030159 0.041016
0 0.268651 0.819824 0.081746 0.151367
0 0.265873 0.517578 0.031746 0.029297
1 0.322222 0.933594 0.017460 0.025391
2 0.419841 0.667969 0.095238 0.123047
0 0.442063 0.885742 0.117460 0.054688
2 0.509921 0.692383 0.132540 0.144531
2 0.519841 0.108398 0.050794 0.039062
0 0.588889 0.125000 0.153968 0.162109
0 0.551587 0.603516 0.047619 0.064453
2 0.711905 0.788086 0.050794 0.039062
1 0.734524 0.854492 0.019841 0.035156
1 0.765873 0.750000 0.022222 0.017578
0 0.853175 0.613281 0.031746 0.041016
2 0.920635 0.572266 0.052381 0.033203
