1 0.057540 0.433594 0.021429 0.095703
0 0.104762 0.163086 0.020635 0.042969
1 0.102381 0.551758 0.006349 0.015625
0 0.206349 0.041992 0.039683 0.031250
0 0.228571 0.107422 0.020635 0.021484
1 0.237302 0.903320 0.012698 0.023438
2 0.341270 0.640625 0.030159 0.185547
2 0.503968 0.114258 0.107937 0.093750
2 0.577778 0.377930 0.068254 0.058594
1 0.572222 0.672852 0.015873 0.015625
2 0.619048 0.341797 0.106349 0.103516
1 0.636508 0.244141 0.007937 0.013672
1 0.650794 0.475586 0.026984 0.035156
0 0.653571 0.200195 0.010317 0.023438
1 0.665079 0.479492 0.011111 0.019531
2 0.691270 0.645508 0.066667 0.074219
0 0.911111 0.883789 0.052381 0.042969
0 0.900000 0.859375 0.026984 0.052734
