2 0.083333 0.497222 0.080208 0.059259
2 0.163281 0.507407 0.170313 0.227778
2 0.144792 0.564815 0.059375 0.120370
1 0.180729 0.545370 0.008333 0.018519
0 0.283854 0.865741 0.041667 0.011111
0 0.372396 0.545370 0.025000 0.022222
0 0.421354 0.290741 0.010417 0.053704
0 0.518750 0.455556 0.023958 0.005556
0 0.641927 0.165741 0.043229 0.048148
2 0.679167 0.537963 0.103125 0.059259
2 0.713021 0.174074 0.147917 0.042593
0 0.726562 0.498611 0.010417 0.015741
2 0.838542 0.688889 0.033333 0.094444
1 0.854948 0.627778 0.019271 0.005556
0 0.948958 0.584259 0.015625 0.044444
