0 0.100521 0.097222 0.039583 0.044444
1 0.177604 0.478704 0.008333 0.014815
0 0.191146 0.333333 0.008333 0.042593
2 0.217448 0.353704 0.034896 0.075926
0 0.323958 0.102778 0.015625 0.014815
0 0.332292 0.493519 0.017708 0.007407
0 0.395313 0.731481 0.008333 0.042593
2 0.462500 0.586111 0.028125 0.103704
0 0.598958 0.390741 0.046875 0.031481
2 0.627604 0.094444 0.104167 0.153704
0 0.637500 0.662500 0.023958 0.006481
0 0.651302 0.325926 0.021354 0.027778
2 0.691406 0.702778 0.036979 0.081481
2 0.885938 0.887963 0.060417 0.044444
2 0.931510 0.200926 0.028646 0.051852
0 0.950521 0.086111 0.035417 0.022222
