0 0.071429 0.491211 0.071429 0.035156
1 0.061905 0.755859 0.020635 0.009766
1 0.184921 0.761719 0.019048 0.021484
2 0.343651 0.749023 0.168254 0.199219
2 0.500000 0.286133 0.319048 0.246094
1 0.366667 0.800781 0.017460 0.025391
0 0.400000 0.589844 0.042857 0.048828
2 0.513095 0.139648 0.048413 0.093750
0 0.556349 0.167480 0.066667 0.049805
2 0.668254 0.680664 0.131746 0.175781
0 0.623016 0.153320 0.025397 0.101562
2 0.744841 0.888672 0.118254 0.080078
0 0.731746 0.188477 0.039683 0.023438
2 0.817063 0.630859 0.080159 0.044922
2 0.858730 0.713867 0.096825 0.066406
0 0.838095 0.946289 0.030159 0.062500
0 0.875397 0.794922 0.050794 0.060547
