2 0.067857 0.582031 0.091270 0.119141
1 0.073016 0.391602 0.014286 0.023438
0 0.210317 0.307617 0.088889 0.066406
0 0.376190 0.436523 0.068254 0.050781
1 0.461905 0.125000 0.087302 0.064453
1 0.465079 0.211914 0.023810 0.015625
0 0.489683 0.035156 0.015873 0.025391
2 0.548016 0.873047 0.038889 0.123047
0 0.577778 0.568359 0.017460 0.017578
0 0.688889 0.587891 0.039683 0.044922
2 0.764286 0.118164 0.076190 0.085938
2 0.779365 0.397461 0.080952 0.097656
1 0.808730 0.928711 0.012698 0.015625
0 0.850000 0.268555 0.069841 0.027344
1 0.834127 0.599609 0.012698 0.021484
