2 0.070833 0.287037 0.057292 0.061111
1 0.124479 0.969444 0.008333 0.007407
2 0.274479 0.473148 0.058333 0.051852
2 0.343750 0.800000 0.086458 0.305556
2 0.460938 0.387963 0.258333 0.433333
2 0.400000 0.913889 0.044792 0.048148
1 0.551823 0.196296 0.008854 0.005556
1 0.692969 0.049074 0.009896 0.007407
0 0.761458 0.252778 0.030208 0.059259
0 0.794271 0.728704 0.033333 0.018519
0 0.802604 0.223148 0.006250 0.025926
0 0.893229 0.342593 0.031250 0.012963
0 0.887760 0.821296 0.019271 0.107407
2 0.912240 0.542593 0.024479 0.053704
