2 0.132540 0.357422 0.187302 0.423828
1 0.071429 0.344727 0.023810 0.023438
1 0.096032 0.107422 0.019048 0.025391
2 0.405556 0.670898 0.155556 0.171875
0 0.433730 0.471680 0.019841 0.027344
0 0.484127 0.220703 0.036508 0.080078
1 0.480952 0.447266 0.007937 0.017578
2 0.526984 0.338867 0.090476 0.070312
0 0.559524 0.382812 0.019048 0.021484
1 0.576984 0.581055 0.012698 0.023438
1 0.589683 0.537598 0.015873 0.008789
0 0.735714 0.293945 0.031746 0.082031
2 0.809524 0.495117 0.049206 0.109375
1 0.882937 0.660156 0.110317 0.142578
2 0.872222 0.051758 0.031746 0.089844
