2 0.173016 0.717773 0.258730 0.117188
2 0.184921 0.718750 0.228571 0.443359
0 0.224603 0.038086 0.044444 0.050781
2 0.333730 0.775879 0.102381 0.118164
0 0.373016 0.072266 0.084127 0.099609
1 0.388095 0.300781 0.022222 0.029297
0 0.392063 0.167969 0.026984 0.068359
2 0.450000 0.842773 0.092063 0.105469
2 0.530952 0.708008 0.111111 0.089844
1 0.484921 0.956055 0.015873 0.023438
0 0.533333 0.804688 0.106349 0.126953
2 0.712698 0.401367 0.046032 0.160156
1 0.737698 0.219727 0.010317 0.019531
0 0.848413 0.396484 0.130159 0.021484
1 0.878571 0.747070 0.009524 0.023438
