2 0.058730 0.316895 0.068254 0.059570
2 0.057937 0.668945 0.066667 0.066406
2 0.226984 0.385742 0.071429 0.222656
0 0.278175 0.832031 0.053175 0.025391
1 0.286508 0.856445 0.014286 0.019531
2 0.371429 0.212891 0.112698 0.060547
1 0.488095 0.422852 0.095238 0.132812
1 0.484127 0.802246 0.030159 0.022461
2 0.613492 0.694336 0.219048 0.117188
2 0.595238 0.754883 0.039683 0.144531
0 0.623810 0.804688 0.049206 0.056641
2 0.736508 0.791016 0.122222 0.220703
0 0.786508 0.079102 0.053968 0.039062
1 0.934921 0.517578 0.036508 0.044922
