1 0.057937 0.715820 0.012698 0.015625
2 0.141270 0.118164 0.093651 0.089844
0 0.175397 0.372559 0.053968 0.030273
0 0.237302 0.461914 0.047619 0.082031
1 0.300000 0.834961 0.046032 0.089844
2 0.381746 0.905273 0.082540 0.054688
0 0.450397 0.102539 0.030952 0.050781
2 0.482540 0.654297 0.093651 0.142578
1 0.448413 0.806641 0.009524 0.013672
2 0.621429 0.320312 0.092063 0.064453
0 0.687302 0.549805 0.020635 0.066406
1 0.733333 0.555664 0.030159 0.046875
2 0.751587 0.553711 0.060317 0.132812
1 0.802381 0.916992 0.012698 0.054688
0 0.867063 0.269531 0.043651 0.037109
1 0.966667 0.060547 0.014286 0.013672
