0 0.075397 0.423828 0.069841 0.060547
0 0.100794 0.302734 0.053968 0.072266
2 0.265079 0.323242 0.293651 0.335938
2 0.313492 0.157227 0.152381 0.093750
0 0.264286 0.339844 0.022222 0.044922
2 0.356349 0.815430 0.069841 0.042969
2 0.370635 0.267578 0.047619 0.189453
0 0.521429 0.507812 0.041270 0.080078
0 0.529762 0.382812 0.054762 0.072266
2 0.650794 0.300781 0.093651 0.142578
0 0.642063 0.732422 0.053968 0.041016
0 0.649206 0.126953 0.020635 0.048828
1 0.795238 0.417969 0.011111 0.013672
2 0.890476 0.687500 0.071429 0.291016
1 0.865873 0.706055 0.015873 0.035156
0 0.926190 0.766602 0.044444 0.097656
