0 0.056349 0.921875 0.031746 0.041016
2 0.175397 0.547852 0.066667 0.035156
2 0.279365 0.674805 0.119048 0.132812
0 0.260317 0.797363 0.020635 0.032227
2 0.412698 0.453125 0.157143 0.541016
0 0.355556 0.504883 0.017460 0.015625
2 0.501587 0.548828 0.049206 0.041016
0 0.553968 0.726562 0.058730 0.048828
0 0.567460 0.915039 0.034921 0.023438
2 0.715079 0.688477 0.301587 0.398438
0 0.652381 0.563477 0.014286 0.011719
2 0.789683 0.411133 0.263492 0.328125
2 0.921429 0.378906 0.073016 0.123047
1 0.913492 0.909180 0.015873 0.019531
2 0.925397 0.294922 0.017460 0.056641
