0 0.056349 0.807617 0.028571 0.011719
0 0.184921 0.225586 0.117460 0.042969
2 0.176984 0.870117 0.066667 0.097656
0 0.183333 0.201172 0.047619 0.025391
2 0.248413 0.345703 0.136508 0.146484
0 0.217460 0.456055 0.023810 0.039062
0 0.367460 0.139648 0.009524 0.019531
2 0.487302 0.451172 0.096825 0.146484
2 0.506349 0.638672 0.093651 0.099609
0 0.475794 0.293945 0.019841 0.031250
2 0.626984 0.180664 0.179365 0.105469
1 0.707937 0.792969 0.134921 0.076172
2 0.734127 0.140625 0.111111 0.177734
1 0.711508 0.630859 0.011905 0.017578
0 0.718254 0.611328 0.022222 0.025391
2 0.770635 0.648438 0.111111 0.185547
2 0.802381 0.867188 0.060317 0.123047
2 0.836508 0.154297 0.093651 0.150391
1 0.801587 0.403320 0.014286 0.011719
