1 0.051587 0.686523 0.041270 0.015625
0 0.066667 0.366211 0.036508 0.054688
0 0.087302 0.622070 0.049206 0.050781
2 0.207937 0.225586 0.046032 0.066406
0 0.234921 0.413086 0.026984 0.074219
0 0.281746 0.305664 0.031746 0.023438
2 0.426190 0.797852 0.142857 0.257812
0 0.383333 0.357422 0.034921 0.041016
2 0.449206 0.100586 0.163492 0.105469
2 0.564286 0.398438 0.276190 0.408203
2 0.481746 0.615234 0.111111 0.064453
2 0.607937 0.257812 0.192063 0.443359
0 0.535714 0.689453 0.038095 0.060547
2 0.627778 0.928711 0.082540 0.062500
2 0.688095 0.703125 0.139683 0.197266
1 0.655556 0.874023 0.023810 0.062500
0 0.805556 0.124023 0.098413 0.054688
0 0.792063 0.361328 0.023810 0.037109
