2 0.148413 0.564453 0.126984 0.181641
0 0.154365 0.077148 0.005556 0.023438
2 0.257143 0.545898 0.163492 0.125000
2 0.417460 0.449219 0.226984 0.119141
0 0.319841 0.538086 0.022222 0.054688
0 0.396032 0.472656 0.079365 0.119141
1 0.412698 0.055664 0.014286 0.007812
0 0.532143 0.128906 0.035714 0.044922
0 0.573016 0.367188 0.058730 0.041016
2 0.573016 0.298828 0.052381 0.103516
2 0.569444 0.907227 0.045238 0.148438
2 0.674603 0.453125 0.052381 0.072266
1 0.700794 0.809570 0.063492 0.023438
2 0.789683 0.914062 0.057143 0.064453
0 0.961905 0.152344 0.023810 0.033203
