1 0.125794 0.644531 0.024603 0.037109
0 0.220635 0.757812 0.039683 0.072266
0 0.267460 0.682617 0.066667 0.046875
2 0.328968 0.740234 0.042063 0.083984
1 0.472222 0.261719 0.015873 0.017578
0 0.485714 0.789551 0.030159 0.024414
2 0.555556 0.424805 0.106349 0.164062
0 0.542857 0.788086 0.055556 0.023438
0 0.647619 0.102051 0.115873 0.059570
0 0.715079 0.516602 0.025397 0.082031
0 0.713492 0.864258 0.009524 0.031250
2 0.823810 0.151367 0.109524 0.085938
2 0.807143 0.478516 0.034921 0.072266
2 0.860317 0.504883 0.112698 0.058594
2 0.884921 0.833008 0.019048 0.136719
