0 0.112698 0.504883 0.074603 0.050781
0 0.100000 0.323242 0.046032 0.101562
0 0.089683 0.109375 0.022222 0.044922
1 0.158730 0.588867 0.023810 0.019531
1 0.306349 0.324219 0.061905 0.126953
0 0.385714 0.662109 0.106349 0.037109
1 0.450000 0.552734 0.009524 0.013672
0 0.518254 0.298828 0.111111 0.095703
2 0.648413 0.189453 0.168254 0.138672
1 0.643651 0.709961 0.009524 0.031250
0 0.734921 0.155273 0.030159 0.054688
1 0.818254 0.307617 0.019048 0.019531
1 0.843651 0.785156 0.009524 0.013672
1 0.886508 0.824219 0.015873 0.021484
