1 0.102381 0.322266 0.012698 0.005859
2 0.215873 0.856445 0.239683 0.121094
1 0.173016 0.385742 0.065079 0.082031
1 0.161111 0.664062 0.019048 0.013672
1 0.249206 0.575195 0.020635 0.042969
2 0.345238 0.329102 0.104762 0.062500
1 0.462698 0.589844 0.007937 0.017578
1 0.492063 0.496094 0.026984 0.009766
0 0.580952 0.417969 0.052381 0.056641
0 0.653175 0.633789 0.034921 0.218750
0 0.754762 0.730469 0.060317 0.064453
2 0.837302 0.394531 0.082540 0.048828
0 0.854762 0.157227 0.053968 0.062500
0 0.890476 0.522461 0.046032 0.050781
