2 0.173016 0.471680 0.153968 0.113281
0 0.117063 0.783203 0.021429 0.025391
0 0.159524 0.615234 0.019048 0.087891
1 0.173016 0.161133 0.017460 0.011719
2 0.253968 0.896484 0.074603 0.166016
2 0.279365 0.414062 0.020635 0.068359
2 0.376190 0.265625 0.026984 0.041016
2 0.570635 0.459961 0.219048 0.531250
0 0.503175 0.626953 0.026984 0.025391
0 0.522222 0.785156 0.061905 0.083984
1 0.512698 0.947266 0.030159 0.021484
1 0.625397 0.583008 0.017460 0.027344
2 0.672222 0.355469 0.073016 0.126953
2 0.746032 0.204102 0.144444 0.234375
1 0.702381 0.181641 0.012698 0.013672
2 0.832540 0.079102 0.130159 0.070312
0 0.863492 0.833984 0.036508 0.064453
1 0.852381 0.709961 0.011111 0.011719
