1 0.030159 0.404297 0.011111 0.037109
1 0.204762 0.581055 0.011111 0.015625
0 0.255556 0.135742 0.026984 0.039062
1 0.269841 0.693359 0.011111 0.013672
2 0.317460 0.544922 0.039683 0.115234
2 0.390476 0.462891 0.055556 0.029297
2 0.397619 0.139648 0.050794 0.082031
2 0.500794 0.367188 0.082540 0.044922
2 0.597619 0.294922 0.225397 0.380859
1 0.536508 0.208984 0.026984 0.009766
0 0.540476 0.524414 0.012698 0.074219
2 0.636508 0.414062 0.077778 0.099609
1 0.616270 0.098633 0.030952 0.019531
0 0.646825 0.098633 0.028571 0.019531
0 0.826984 0.743164 0.026984 0.027344
