2 0.201042 0.808333 0.032292 0.077778
1 0.213021 0.283333 0.006250 0.009259
0 0.373958 0.058333 0.026042 0.051852
2 0.438021 0.271296 0.018750 0.048148
2 0.472396 0.068519 0.058333 0.053704
1 0.452344 0.184259 0.009896 0.007407
0 0.492188 0.702778 0.066667 0.011111
2 0.487240 0.109259 0.052604 0.027778
1 0.493229 0.814815 0.008333 0.016667
2 0.521875 0.587963 0.063542 0.066667
2 0.732292 0.552778 0.061458 0.100000
0 0.875781 0.242593 0.065104 0.027778
0 0.889323 0.207407 0.013021 0.005556
0 0.891667 0.487963 0.015625 0.044444
