0 0.042857 0.570312 0.052381 0.072266
1 0.149206 0.601562 0.011111 0.021484
2 0.231746 0.777344 0.061905 0.099609
2 0.319841 0.319336 0.041270 0.062500
0 0.388095 0.867188 0.031746 0.064453
1 0.403175 0.806641 0.042857 0.033203
0 0.436508 0.871094 0.077778 0.056641
1 0.592857 0.135742 0.126984 0.121094
0 0.562698 0.417969 0.019048 0.060547
2 0.586508 0.693359 0.050794 0.044922
0 0.606349 0.674805 0.030159 0.046875
2 0.755556 0.391602 0.217460 0.343750
1 0.730159 0.032227 0.033333 0.035156
2 0.761905 0.582031 0.090476 0.083984
0 0.770635 0.173828 0.041270 0.037109
0 0.941270 0.708984 0.049206 0.068359
