2 0.065079 0.530273 0.042857 0.070312
2 0.211111 0.402344 0.046032 0.041016
0 0.250000 0.388672 0.031746 0.029297
2 0.388889 0.441406 0.217460 0.173828
2 0.349206 0.182617 0.087302 0.101562
0 0.381746 0.640625 0.076190 0.037109
0 0.401190 0.510742 0.051587 0.101562
2 0.461905 0.721680 0.077778 0.046875
1 0.473810 0.890625 0.028571 0.021484
2 0.576190 0.226562 0.134921 0.080078
2 0.665873 0.745117 0.085714 0.070312
2 0.802381 0.467773 0.171429 0.125000
2 0.862698 0.737305 0.231746 0.117188
0 0.817460 0.101562 0.036508 0.041016
2 0.830159 0.273438 0.050794 0.138672
1 0.834127 0.131836 0.019048 0.015625
0 0.906349 0.732422 0.074603 0.048828
2 0.914286 0.326172 0.042857 0.048828
0 0.950794 0.674316 0.020635 0.036133
