0 0.070635 0.595703 0.047619 0.052734
2 0.171429 0.342773 0.068254 0.082031
0 0.182143 0.221680 0.048413 0.031250
2 0.228571 0.694336 0.068254 0.136719
0 0.386508 0.316406 0.060317 0.021484
0 0.437302 0.968750 0.019048 0.013672
0 0.448810 0.947266 0.035714 0.080078
0 0.530952 0.416016 0.063492 0.041016
0 0.637302 0.417969 0.012698 0.021484
2 0.740476 0.880859 0.044444 0.173828
2 0.768651 0.269531 0.084921 0.099609
1 0.810317 0.357422 0.009524 0.017578
2 0.900794 0.685547 0.063492 0.158203
0 0.906349 0.406250 0.033333 0.044922
2 0.921429 0.901367 0.063492 0.082031
