2 0.095238 0.293945 0.068254 0.121094
2 0.112698 0.259766 0.074603 0.169922
0 0.174603 0.677734 0.100000 0.056641
1 0.130159 0.313477 0.011111 0.019531
0 0.147222 0.229492 0.015079 0.019531
0 0.383333 0.939453 0.019048 0.029297
2 0.438095 0.092773 0.071429 0.140625
2 0.513492 0.819336 0.123810 0.093750
0 0.517460 0.145508 0.036508 0.019531
0 0.502381 0.463867 0.006349 0.054688
2 0.683333 0.461914 0.263492 0.101562
0 0.576984 0.157227 0.025397 0.023438
0 0.641270 0.838867 0.036508 0.054688
0 0.776190 0.660156 0.039683 0.037109
2 0.884921 0.448242 0.069841 0.050781
0 0.939683 0.211914 0.049206 0.042969
0 0.965873 0.490234 0.034921 0.056641
