1 0.061111 0.907227 0.015873 0.015625
2 0.152381 0.573242 0.084127 0.121094
2 0.225397 0.852539 0.071429 0.070312
0 0.242857 0.386719 0.017460 0.013672
0 0.426587 0.579102 0.053175 0.058594
1 0.428571 0.768555 0.026984 0.027344
2 0.455556 0.154297 0.049206 0.052734
0 0.510317 0.042969 0.019048 0.013672
0 0.563492 0.340820 0.084127 0.046875
1 0.612302 0.214844 0.010317 0.017578
0 0.684127 0.915039 0.112698 0.039062
2 0.792063 0.922852 0.061905 0.027344
1 0.795238 0.840820 0.020635 0.015625
2 0.842063 0.255859 0.028571 0.068359
0 0.919048 0.668945 0.030159 0.078125
