0 0.036905 0.896484 0.015079 0.021484
1 0.178571 0.351562 0.092063 0.099609
2 0.188095 0.951660 0.069841 0.047852
2 0.238889 0.723633 0.041270 0.128906
2 0.335714 0.469727 0.215873 0.160156
0 0.290476 0.771484 0.023810 0.033203
2 0.408333 0.437988 0.027778 0.016602
2 0.451587 0.450195 0.069841 0.242188
1 0.559524 0.893555 0.006349 0.019531
1 0.581746 0.881836 0.009524 0.023438
2 0.788095 0.323242 0.298413 0.253906
0 0.750794 0.598633 0.017460 0.066406
0 0.894444 0.441406 0.044444 0.033203
2 0.910317 0.880859 0.076190 0.103516
2 0.919048 0.249512 0.055556 0.041992
1 0.978968 0.904297 0.019841 0.013672
