0 0.228571 0.854492 0.068254 0.058594
2 0.350794 0.498047 0.096825 0.134766
0 0.358730 0.356445 0.055556 0.066406
0 0.391270 0.856445 0.073016 0.054688
1 0.376587 0.662598 0.018254 0.016602
2 0.505556 0.642578 0.231746 0.166016
0 0.461508 0.263672 0.037302 0.068359
2 0.563492 0.823242 0.185714 0.070312
2 0.685714 0.921875 0.074603 0.119141
2 0.789683 0.830078 0.057143 0.189453
1 0.812698 0.249023 0.055556 0.089844
0 0.827778 0.421875 0.066667 0.052734
2 0.865079 0.359375 0.061905 0.123047
1 0.851587 0.636719 0.009524 0.009766
1 0.863492 0.885742 0.017460 0.019531
