0 0.051587 0.423828 0.034921 0.033203
1 0.153175 0.426758 0.038095 0.035156
2 0.256349 0.368164 0.044444 0.082031
0 0.265079 0.468750 0.049206 0.083984
2 0.338095 0.121094 0.122222 0.142578
2 0.353968 0.104492 0.017460 0.117188
0 0.380159 0.733398 0.050794 0.058594
2 0.465873 0.723633 0.088889 0.097656
2 0.548810 0.128906 0.146825 0.126953
2 0.669841 0.538086 0.271429 0.183594
1 0.565079 0.656738 0.017460 0.008789
0 0.644444 0.493164 0.036508 0.089844
2 0.669841 0.090332 0.046032 0.032227
1 0.683730 0.751953 0.015079 0.021484
1 0.726984 0.723633 0.020635 0.027344
0 0.820635 0.556641 0.080952 0.029297
1 0.787698 0.784180 0.010317 0.019531
0 0.907143 0.521484 0.076190 0.048828
0 0.932540 0.831055 0.101587 0.066406
1 0.925397 0.760742 0.011111 0.015625
