0 0.109921 0.276367 0.037302 0.039062
1 0.103175 0.041016 0.007937 0.025391
2 0.239683 0.243164 0.188889 0.316406
2 0.192063 0.490234 0.055556 0.154297
1 0.224603 0.595703 0.009524 0.017578
1 0.390873 0.934570 0.027778 0.039062
0 0.467460 0.447266 0.098413 0.083984
2 0.461508 0.396484 0.067460 0.083984
1 0.515079 0.460938 0.044444 0.013672
0 0.562302 0.834961 0.051587 0.058594
1 0.576190 0.540039 0.011111 0.015625
2 0.591270 0.063477 0.038095 0.066406
0 0.611508 0.303711 0.037302 0.027344
2 0.685714 0.739258 0.090476 0.144531
0 0.732540 0.415039 0.031746 0.039062
2 0.849206 0.688477 0.217460 0.160156
1 0.930159 0.445312 0.061905 0.072266
0 0.934127 0.709961 0.057143 0.066406
