0 0.054762 0.952148 0.019048 0.058594
2 0.130159 0.614258 0.112698 0.054688
1 0.172222 0.344727 0.028571 0.019531
1 0.197222 0.937988 0.011905 0.012695
2 0.283333 0.167969 0.073016 0.193359
2 0.333333 0.213867 0.090476 0.082031
0 0.311905 0.573242 0.031746 0.191406
1 0.339683 0.699219 0.068254 0.025391
0 0.384921 0.970703 0.031746 0.025391
2 0.617460 0.206055 0.220635 0.148438
0 0.738889 0.092773 0.050794 0.089844
0 0.860317 0.101562 0.036508 0.041016
1 0.869048 0.886719 0.019048 0.021484
0 0.913492 0.378906 0.031746 0.076172
0 0.942063 0.173828 0.031746 0.068359
0 0.960317 0.348633 0.026984 0.027344
1 0.977381 0.731445 0.011905 0.082031
