2 0.161111 0.180664 0.111111 0.062500
0 0.139683 0.706055 0.036508 0.027344
0 0.226190 0.285156 0.149206 0.056641
2 0.252381 0.912109 0.080952 0.044922
1 0.227381 0.120117 0.011905 0.023438
0 0.340079 0.474609 0.037302 0.044922
2 0.452381 0.298828 0.042857 0.111328
2 0.484921 0.699219 0.088889 0.048828
0 0.480952 0.429688 0.039683 0.033203
2 0.497619 0.229492 0.057143 0.101562
2 0.542063 0.068359 0.034921 0.103516
0 0.580952 0.588867 0.039683 0.144531
2 0.699206 0.498047 0.107937 0.087891
1 0.780952 0.349609 0.265079 0.115234
0 0.665873 0.800781 0.034921 0.064453
0 0.908730 0.855469 0.038095 0.033203
2 0.932937 0.441406 0.069048 0.083984
