1 0.045635 0.541016 0.073810 0.037109
2 0.222222 0.250000 0.255556 0.197266
2 0.173413 0.229492 0.075397 0.101562
1 0.305556 0.717773 0.025397 0.011719
0 0.347619 0.597656 0.052381 0.154297
1 0.463492 0.254883 0.007937 0.050781
0 0.552381 0.940430 0.026984 0.058594
0 0.676190 0.556152 0.049206 0.026367
1 0.699206 0.571289 0.041270 0.042969
2 0.846032 0.209961 0.046032 0.054688
0 0.861905 0.195312 0.052381 0.064453
0 0.941667 0.585938 0.057937 0.025391
0 0.935714 0.300781 0.019048 0.064453
1 0.942063 0.833984 0.009524 0.009766
