2 0.049206 0.597656 0.046032 0.060547
0 0.038095 0.846680 0.020635 0.015625
1 0.069841 0.933594 0.014286 0.021484
0 0.126984 0.069336 0.030159 0.042969
0 0.297619 0.675781 0.161905 0.064453
0 0.255556 0.902344 0.052381 0.044922
1 0.294841 0.632812 0.013492 0.033203
2 0.353968 0.224609 0.074603 0.072266
1 0.346825 0.536133 0.025397 0.023438
2 0.557143 0.394531 0.388889 0.177734
2 0.398413 0.116211 0.046032 0.136719
2 0.444444 0.918945 0.061905 0.109375
0 0.501587 0.540039 0.061905 0.140625
2 0.632540 0.169922 0.146032 0.275391
0 0.680952 0.851562 0.036508 0.037109
1 0.713492 0.138672 0.019048 0.037109
0 0.821032 0.126953 0.027778 0.021484
0 0.942063 0.207031 0.057143 0.076172
0 0.930159 0.569824 0.023810 0.018555
