0 0.034127 0.904297 0.031746 0.037109
0 0.053968 0.476562 0.023810 0.041016
2 0.158730 0.853516 0.074603 0.154297
0 0.190873 0.717773 0.021429 0.023438
1 0.303968 0.098633 0.012698 0.015625
2 0.384921 0.567383 0.165079 0.117188
0 0.436508 0.546875 0.122222 0.076172
2 0.587302 0.273438 0.303175 0.263672
0 0.488095 0.862305 0.047619 0.042969
0 0.584921 0.790039 0.044444 0.058594
1 0.679365 0.126953 0.033333 0.037109
2 0.719841 0.245117 0.107937 0.074219
0 0.693254 0.439453 0.029365 0.076172
0 0.696032 0.896484 0.025397 0.029297
2 0.723810 0.137695 0.068254 0.101562
1 0.736508 0.880859 0.058730 0.052734
0 0.853175 0.748047 0.030159 0.103516
