0 0.212698 0.249023 0.026984 0.058594
1 0.231746 0.454102 0.014286 0.015625
0 0.261111 0.875977 0.073016 0.046875
0 0.387302 0.847656 0.007937 0.029297
1 0.400794 0.223633 0.019048 0.023438
2 0.523016 0.335938 0.215873 0.126953
0 0.584127 0.150391 0.055556 0.025391
0 0.639286 0.799805 0.037302 0.058594
1 0.618254 0.022461 0.006349 0.023438
2 0.709524 0.156250 0.077778 0.041016
2 0.729365 0.216797 0.114286 0.080078
1 0.679365 0.343750 0.014286 0.013672
1 0.823810 0.312500 0.020635 0.021484
2 0.849206 0.508789 0.052381 0.082031
