0 0.035714 0.699219 0.019048 0.017578
0 0.051190 0.867188 0.040476 0.037109
2 0.135714 0.595703 0.088889 0.166016
1 0.103175 0.753906 0.014286 0.013672
1 0.141667 0.077148 0.010317 0.019531
2 0.160317 0.583984 0.049206 0.154297
2 0.280952 0.669922 0.119048 0.150391
2 0.304762 0.312500 0.112698 0.232422
2 0.480952 0.841797 0.080952 0.150391
1 0.494841 0.195801 0.013492 0.012695
0 0.517460 0.499023 0.036508 0.078125
2 0.554762 0.544922 0.044444 0.138672
0 0.694444 0.423828 0.057143 0.087891
2 0.865079 0.427734 0.090476 0.064453
1 0.862698 0.202148 0.007937 0.019531
0 0.980159 0.221680 0.019048 0.113281
