2 0.080159 0.814453 0.082540 0.080078
2 0.138095 0.810547 0.033333 0.064453
2 0.234127 0.563477 0.025397 0.117188
0 0.256349 0.704102 0.015873 0.023438
2 0.288889 0.780273 0.074603 0.082031
2 0.386905 0.860352 0.076984 0.113281
1 0.358333 0.120117 0.015079 0.027344
1 0.393651 0.598633 0.007937 0.027344
0 0.426190 0.908203 0.069841 0.107422
2 0.438889 0.298828 0.053968 0.126953
0 0.464286 0.144531 0.044444 0.033203
0 0.483333 0.896484 0.060317 0.025391
1 0.516667 0.173828 0.015873 0.029297
2 0.572222 0.658203 0.063492 0.123047
0 0.761905 0.441406 0.023810 0.068359
0 0.807143 0.196289 0.012698 0.015625
