2 0.117460 0.718750 0.157143 0.162109
1 0.214286 0.036133 0.012698 0.019531
1 0.308730 0.379883 0.025397 0.019531
2 0.403175 0.221680 0.141270 0.054688
2 0.559524 0.491211 0.438095 0.335938
0 0.392063 0.523438 0.080952 0.126953
1 0.364286 0.703125 0.022222 0.033203
2 0.474603 0.167969 0.042857 0.126953
0 0.598413 0.336914 0.033333 0.042969
2 0.662698 0.107422 0.146032 0.123047
1 0.675397 0.727539 0.066667 0.046875
2 0.768254 0.880859 0.039683 0.083984
1 0.793254 0.710938 0.026190 0.009766
2 0.865873 0.428711 0.107937 0.156250
0 0.851587 0.133789 0.022222 0.039062
0 0.962302 0.715820 0.043651 0.019531
2 0.962698 0.718750 0.034921 0.056641
