0 0.135714 0.484375 0.019048 0.013672
0 0.175397 0.316406 0.053968 0.021484
1 0.231349 0.427734 0.076984 0.029297
0 0.213492 0.329102 0.038095 0.093750
0 0.423016 0.133789 0.041270 0.015625
0 0.504762 0.366211 0.131746 0.128906
2 0.455556 0.653320 0.030159 0.093750
2 0.547619 0.585938 0.084127 0.224609
2 0.629365 0.608398 0.196825 0.121094
0 0.613492 0.489258 0.066667 0.066406
0 0.593651 0.821289 0.039683 0.031250
1 0.660317 0.502930 0.014286 0.007812
1 0.722222 0.373047 0.090476 0.115234
1 0.674603 0.027344 0.007937 0.017578
1 0.751587 0.103516 0.022222 0.025391
1 0.759524 0.869141 0.006349 0.013672
