2 0.155729 0.573148 0.056250 0.088889
2 0.215625 0.163889 0.021875 0.055556
2 0.226823 0.044444 0.028646 0.061111
1 0.309635 0.751852 0.018229 0.005556
0 0.424479 0.772222 0.022917 0.009259
0 0.573438 0.344907 0.031250 0.012037
0 0.567448 0.187963 0.006771 0.051852
2 0.667188 0.284259 0.041667 0.044444
1 0.693750 0.347222 0.007292 0.011111
2 0.730729 0.745370 0.062500 0.218519
2 0.713021 0.493519 0.020833 0.062963
2 0.863542 0.458333 0.090625 0.051852
2 0.869792 0.494444 0.076042 0.064815
1 0.895573 0.374074 0.013021 0.016667
