0 0.071429 0.444336 0.011111 0.050781
0 0.177778 0.415527 0.122222 0.038086
1 0.231746 0.800781 0.020635 0.017578
2 0.285714 0.768555 0.068254 0.183594
0 0.377778 0.437500 0.109524 0.044922
0 0.441270 0.338867 0.100000 0.031250
1 0.401984 0.525391 0.010317 0.017578
1 0.573810 0.016602 0.025397 0.011719
1 0.677778 0.804688 0.011111 0.013672
0 0.726984 0.312500 0.068254 0.068359
2 0.845238 0.764648 0.117460 0.101562
1 0.856746 0.370117 0.013492 0.019531
2 0.897619 0.355469 0.085714 0.033203
0 0.980952 0.547852 0.020635 0.027344
