0 0.092063 0.214844 0.036508 0.052734
0 0.107937 0.538086 0.023810 0.039062
0 0.201587 0.858398 0.020635 0.015625
2 0.324603 0.480469 0.200000 0.228516
0 0.315873 0.940430 0.100000 0.035156
0 0.323016 0.041016 0.019048 0.041016
0 0.450794 0.721680 0.023810 0.070312
1 0.519048 0.574219 0.042857 0.048828
0 0.560317 0.702148 0.058730 0.058594
2 0.692460 0.403320 0.238889 0.121094
0 0.623016 0.890625 0.047619 0.126953
2 0.654762 0.103516 0.044444 0.056641
0 0.729365 0.382812 0.047619 0.072266
2 0.880159 0.127930 0.130159 0.234375
1 0.896825 0.638672 0.014286 0.021484
