0 0.066667 0.435547 0.033333 0.103516
1 0.092063 0.122070 0.023810 0.039062
1 0.210317 0.592773 0.066667 0.046875
0 0.314286 0.045898 0.166667 0.054688
2 0.300000 0.516602 0.100000 0.191406
2 0.384127 0.805664 0.182540 0.054688
2 0.430159 0.533203 0.065079 0.146484
0 0.415079 0.317383 0.022222 0.035156
1 0.475397 0.400391 0.053968 0.123047
1 0.499206 0.835938 0.076190 0.158203
0 0.525397 0.887695 0.033333 0.027344
2 0.685714 0.422852 0.090476 0.035156
1 0.658730 0.738281 0.014286 0.013672
0 0.826190 0.201172 0.060317 0.029297
0 0.832937 0.247070 0.057937 0.046875
2 0.876190 0.453125 0.144444 0.142578
1 0.915873 0.320312 0.007937 0.025391
