2 0.069048 0.726562 0.088889 0.029297
1 0.103571 0.646484 0.018254 0.017578
1 0.202381 0.591797 0.015873 0.017578
1 0.306349 0.573242 0.007937 0.023438
0 0.366667 0.583984 0.068254 0.068359
1 0.349206 0.773438 0.011111 0.013672
1 0.365873 0.845703 0.019048 0.009766
2 0.492857 0.727539 0.171429 0.101562
1 0.494444 0.473633 0.015873 0.015625
0 0.559524 0.616211 0.025397 0.035156
0 0.649206 0.746094 0.042857 0.037109
0 0.697619 0.090820 0.047619 0.046875
1 0.663492 0.138672 0.011111 0.009766
2 0.710317 0.389648 0.044444 0.097656
1 0.705556 0.438477 0.012698 0.011719
0 0.734127 0.347168 0.057143 0.041992
1 0.856349 0.276367 0.012698 0.011719
0 0.926984 0.708008 0.100000 0.066406
0 0.983333 0.856445 0.015873 0.046875
