0 0.023958 0.262037 0.032292 0.018519
2 0.053125 0.725000 0.071875 0.062963
1 0.123958 0.316667 0.034375 0.009259
2 0.118750 0.627778 0.021875 0.053704
0 0.176563 0.703704 0.033333 0.031481
2 0.335938 0.476852 0.275000 0.459259
2 0.312500 0.597222 0.034375 0.059259
2 0.317708 0.937963 0.030208 0.074074
2 0.361458 0.581481 0.021875 0.053704
0 0.452865 0.677778 0.024479 0.031481
0 0.470833 0.789815 0.036458 0.018519
2 0.655729 0.542593 0.152083 0.079630
2 0.767188 0.800926 0.081250 0.059259
1 0.765625 0.102778 0.028125 0.007407
1 0.780729 0.953704 0.014583 0.009259
2 0.846354 0.244444 0.091667 0.135185
2 0.918750 0.698148 0.034375 0.046296
1 0.953646 0.416667 0.008333 0.012963
