1 0.103175 0.697266 0.023810 0.041016
0 0.103175 0.642578 0.011111 0.052734
1 0.127778 0.923828 0.009524 0.025391
2 0.180952 0.757812 0.077778 0.095703
1 0.236508 0.867188 0.011111 0.029297
0 0.264286 0.541016 0.044444 0.044922
0 0.496032 0.342773 0.066667 0.101562
0 0.605159 0.124023 0.078571 0.085938
0 0.570238 0.298828 0.015079 0.044922
2 0.611111 0.575195 0.096825 0.050781
0 0.613095 0.486328 0.064286 0.150391
0 0.651190 0.442383 0.053175 0.039062
1 0.666667 0.416992 0.007937 0.015625
2 0.811905 0.549805 0.060317 0.070312
2 0.831746 0.650391 0.023810 0.080078
2 0.872222 0.021484 0.047619 0.025391
1 0.887302 0.869629 0.020635 0.024414
1 0.897619 0.795898 0.006349 0.015625
