1 0.044444 0.333984 0.011111 0.009766
2 0.304762 0.388672 0.160317 0.580078
0 0.248413 0.854492 0.038095 0.042969
0 0.255556 0.455078 0.033333 0.029297
1 0.311905 0.771484 0.009524 0.017578
2 0.413492 0.428711 0.053968 0.207031
2 0.538095 0.271484 0.106349 0.052734
2 0.638095 0.408203 0.071429 0.037109
2 0.799206 0.196289 0.225397 0.195312
2 0.836508 0.550781 0.226984 0.267578
0 0.788889 0.449219 0.020635 0.013672
1 0.788095 0.777344 0.009524 0.017578
1 0.826190 0.298828 0.031746 0.052734
1 0.853968 0.755859 0.030159 0.025391
