0 0.139683 0.733398 0.065079 0.078125
0 0.150000 0.127930 0.028571 0.078125
0 0.188095 0.292969 0.060317 0.037109
2 0.222222 0.368164 0.068254 0.210938
2 0.433333 0.375000 0.115873 0.099609
1 0.434127 0.562500 0.012698 0.052734
2 0.670635 0.384766 0.282540 0.240234
2 0.568254 0.752930 0.065079 0.167969
1 0.645238 0.138672 0.111111 0.076172
0 0.658730 0.518555 0.033333 0.085938
0 0.733333 0.638672 0.046032 0.076172
1 0.733333 0.654297 0.014286 0.017578
2 0.815079 0.932617 0.025397 0.105469
2 0.894444 0.626953 0.104762 0.244141
1 0.922619 0.880859 0.010317 0.033203
