0 0.044444 0.554688 0.026984 0.041016
1 0.080952 0.756836 0.017460 0.019531
0 0.100794 0.257812 0.015873 0.029297
2 0.138095 0.947266 0.042857 0.041016
1 0.244444 0.346680 0.030159 0.031250
2 0.318254 0.859375 0.041270 0.146484
1 0.309524 0.771484 0.017460 0.017578
1 0.328571 0.733398 0.026984 0.046875
2 0.449206 0.126953 0.195238 0.099609
0 0.473016 0.800781 0.033333 0.029297
0 0.541270 0.183594 0.055556 0.072266
1 0.553175 0.751953 0.019048 0.025391
2 0.819841 0.467773 0.187302 0.390625
0 0.767063 0.327148 0.065873 0.058594
1 0.746032 0.075195 0.004762 0.023438
0 0.968651 0.887695 0.032540 0.027344
1 0.981746 0.921875 0.019048 0.029297
