2 0.115873 0.699219 0.065079 0.076172
2 0.130159 0.685547 0.080952 0.072266
2 0.400794 0.428711 0.425397 0.304688
0 0.200794 0.608398 0.025397 0.105469
1 0.396032 0.735352 0.009524 0.027344
2 0.457937 0.407227 0.069841 0.214844
1 0.584921 0.356445 0.015873 0.011719
0 0.643651 0.723633 0.069841 0.042969
2 0.660317 0.858398 0.068254 0.066406
0 0.646032 0.516602 0.023810 0.035156
1 0.699206 0.963867 0.044444 0.039062
2 0.736508 0.902344 0.055556 0.033203
1 0.796825 0.557617 0.023810 0.039062
0 0.945238 0.693359 0.069841 0.037109
