0 0.129365 0.733398 0.022222 0.039062
2 0.197222 0.327148 0.045238 0.078125
0 0.284127 0.591797 0.039683 0.064453
2 0.415079 0.392578 0.126984 0.197266
0 0.415079 0.641602 0.060317 0.046875
0 0.421429 0.375000 0.047619 0.056641
1 0.502381 0.165039 0.031746 0.109375
1 0.542857 0.781250 0.058730 0.029297
0 0.530952 0.629883 0.022222 0.031250
0 0.563889 0.514160 0.046825 0.036133
2 0.861905 0.500000 0.223810 0.154297
0 0.842063 0.219727 0.063492 0.062500
1 0.962698 0.313477 0.006349 0.015625
1 0.985714 0.638672 0.017460 0.017578
