0 0.048413 0.278320 0.057143 0.058594
1 0.101587 0.093750 0.011111 0.021484
2 0.263492 0.651855 0.087302 0.061523
1 0.346825 0.771484 0.006349 0.013672
2 0.410317 0.127441 0.111111 0.063477
0 0.376190 0.770508 0.033333 0.058594
2 0.475397 0.619141 0.031746 0.083984
2 0.533333 0.271484 0.090476 0.048828
0 0.540476 0.475098 0.025397 0.012695
0 0.569048 0.789062 0.028571 0.037109
2 0.653968 0.272461 0.122222 0.183594
1 0.601587 0.081055 0.006349 0.027344
1 0.647619 0.483398 0.039683 0.042969
0 0.687302 0.293945 0.046032 0.058594
0 0.682143 0.868164 0.030952 0.042969
1 0.791270 0.565430 0.012698 0.015625
0 0.842063 0.435547 0.031746 0.052734
