1 0.028968 0.885254 0.018254 0.008789
1 0.068651 0.413086 0.023016 0.070312
0 0.164286 0.840332 0.104762 0.059570
0 0.151984 0.427734 0.042063 0.017578
1 0.176587 0.260742 0.018254 0.007812
2 0.276984 0.407227 0.120635 0.152344
0 0.284921 0.935547 0.019048 0.072266
2 0.354762 0.130859 0.060317 0.185547
1 0.330952 0.448242 0.006349 0.027344
1 0.394444 0.722656 0.025397 0.025391
2 0.705556 0.449219 0.212698 0.115234
0 0.642063 0.529297 0.050794 0.060547
2 0.686508 0.646484 0.098413 0.146484
1 0.741667 0.207031 0.026190 0.048828
0 0.850794 0.826172 0.052381 0.126953
1 0.847619 0.574219 0.011111 0.029297
1 0.946032 0.039062 0.014286 0.013672
