2 0.164286 0.621094 0.155556 0.080078
0 0.152381 0.448242 0.039683 0.066406
0 0.197619 0.661133 0.111111 0.089844
0 0.179762 0.522461 0.059524 0.039062
1 0.218254 0.179688 0.025397 0.029297
2 0.293651 0.732422 0.096825 0.076172
0 0.304365 0.712891 0.007143 0.013672
1 0.323016 0.489258 0.015873 0.023438
0 0.496032 0.776367 0.041270 0.160156
0 0.518651 0.880859 0.019841 0.021484
1 0.534127 0.951172 0.009524 0.017578
2 0.626190 0.783203 0.063492 0.091797
2 0.740476 0.110352 0.095238 0.136719
2 0.823016 0.591797 0.209524 0.248047
2 0.839683 0.778320 0.090476 0.121094
2 0.911111 0.284180 0.131746 0.140625
2 0.937302 0.525391 0.060317 0.158203
1 0.935714 0.208008 0.022222 0.039062
