2 0.122222 0.667969 0.061905 0.060547
2 0.215079 0.626953 0.076190 0.099609
1 0.207143 0.492188 0.033333 0.080078
0 0.230952 0.337402 0.053968 0.045898
0 0.358730 0.849609 0.071429 0.068359
0 0.373016 0.512695 0.042857 0.015625
1 0.363889 0.268555 0.010317 0.015625
0 0.425000 0.141602 0.053175 0.039062
1 0.473016 0.259766 0.007937 0.017578
1 0.475397 0.150391 0.006349 0.025391
1 0.483333 0.413086 0.015873 0.019531
2 0.529365 0.259766 0.069841 0.111328
1 0.611111 0.291992 0.023810 0.023438
2 0.700000 0.569336 0.026984 0.058594
1 0.726190 0.187500 0.012698 0.013672
1 0.888095 0.430664 0.012698 0.011719
