0 0.056771 0.307407 0.033333 0.009259
2 0.105990 0.843519 0.054688 0.029630
0 0.145833 0.741667 0.042708 0.029630
2 0.230208 0.575000 0.065625 0.037037
2 0.240885 0.400926 0.036979 0.033333
2 0.358333 0.078704 0.040625 0.111111
1 0.349219 0.429630 0.007812 0.024074
2 0.380208 0.074074 0.026042 0.068519
0 0.379167 0.732407 0.011458 0.033333
2 0.497396 0.077778 0.075000 0.124074
2 0.535937 0.866667 0.027083 0.075926
2 0.565365 0.526852 0.042188 0.022222
0 0.784375 0.106481 0.017708 0.007407
0 0.946875 0.921296 0.034375 0.044444
