0 0.124603 0.407227 0.022222 0.050781
0 0.169841 0.125977 0.046032 0.042969
2 0.299206 0.915039 0.034921 0.039062
2 0.369841 0.804688 0.046032 0.037109
2 0.398413 0.806641 0.052381 0.119141
0 0.468254 0.563477 0.125397 0.074219
0 0.442857 0.677734 0.020635 0.056641
0 0.592063 0.550781 0.023810 0.130859
0 0.625397 0.364258 0.074603 0.066406
1 0.745238 0.882812 0.025397 0.103516
2 0.830952 0.069336 0.174603 0.101562
0 0.775000 0.112305 0.043651 0.074219
2 0.880159 0.531250 0.190476 0.154297
2 0.852381 0.573242 0.122222 0.105469
0 0.836508 0.298828 0.084127 0.091797
1 0.820238 0.586914 0.010317 0.027344
1 0.834921 0.944336 0.017460 0.007812
1 0.852381 0.492188 0.023810 0.033203
