0 0.046032 0.798828 0.030159 0.052734
0 0.046032 0.766602 0.020635 0.035156
2 0.185714 0.217773 0.109524 0.164062
2 0.200000 0.717773 0.131746 0.109375
2 0.186508 0.101562 0.079365 0.083984
2 0.213492 0.864258 0.079365 0.105469
0 0.205159 0.065430 0.010317 0.027344
0 0.315079 0.669922 0.060317 0.146484
2 0.335714 0.444336 0.053968 0.066406
0 0.453968 0.504883 0.103175 0.054688
0 0.451190 0.583984 0.027778 0.021484
1 0.607937 0.249023 0.093651 0.082031
0 0.543651 0.815430 0.006349 0.023438
1 0.682937 0.056641 0.015079 0.025391
0 0.931349 0.452148 0.051587 0.050781
