2 0.134921 0.818359 0.074603 0.126953
0 0.228571 0.504883 0.026984 0.035156
0 0.435714 0.815430 0.041270 0.027344
2 0.443651 0.946289 0.041270 0.046875
0 0.443651 0.627930 0.031746 0.042969
2 0.468254 0.320312 0.077778 0.064453
2 0.467460 0.133789 0.028571 0.136719
0 0.504762 0.124023 0.026984 0.066406
1 0.536508 0.054688 0.011111 0.013672
2 0.588889 0.187500 0.096825 0.064453
1 0.552381 0.453125 0.017460 0.013672
2 0.658730 0.534180 0.071429 0.195312
1 0.663492 0.040039 0.025397 0.035156
0 0.755556 0.346680 0.046032 0.082031
1 0.928571 0.877930 0.049206 0.023438
