1 0.106349 0.294922 0.036508 0.009766
1 0.188889 0.152344 0.028571 0.052734
2 0.284921 0.351562 0.152381 0.076172
1 0.273016 0.511719 0.026984 0.029297
2 0.430952 0.485352 0.279365 0.746094
0 0.396825 0.874023 0.074603 0.031250
2 0.391270 0.397461 0.038095 0.054688
2 0.484921 0.160156 0.073016 0.083984
2 0.488492 0.778320 0.073810 0.242188
0 0.564286 0.304688 0.047619 0.033203
0 0.697619 0.803711 0.082540 0.042969
2 0.734921 0.510742 0.106349 0.156250
0 0.758730 0.270508 0.033333 0.027344
1 0.819841 0.633789 0.022222 0.035156
0 0.849206 0.916016 0.030159 0.052734
0 0.888095 0.887207 0.050794 0.051758
