0 0.150000 0.168945 0.066667 0.023438
1 0.132540 0.850586 0.019048 0.011719
0 0.201587 0.796875 0.077778 0.056641
1 0.238889 0.616211 0.079365 0.027344
2 0.255556 0.083984 0.090476 0.080078
2 0.378571 0.390625 0.177778 0.216797
0 0.400000 0.635742 0.103175 0.089844
0 0.363492 0.973633 0.017460 0.019531
2 0.397619 0.953125 0.028571 0.025391
0 0.517460 0.528320 0.058730 0.132812
1 0.550794 0.520508 0.020635 0.031250
2 0.646032 0.676758 0.071429 0.105469
1 0.707143 0.551758 0.012698 0.007812
2 0.742063 0.539062 0.079365 0.064453
1 0.793651 0.430664 0.014286 0.011719
0 0.815873 0.631836 0.033333 0.035156
2 0.866667 0.759766 0.119048 0.236328
0 0.904762 0.414062 0.020635 0.017578
0 0.928571 0.371094 0.026984 0.021484
1 0.928571 0.822266 0.007937 0.013672
