2 0.086508 0.881836 0.050794 0.031250
0 0.153968 0.554688 0.046032 0.083984
2 0.158730 0.503906 0.052381 0.080078
0 0.181746 0.670898 0.041270 0.046875
1 0.204762 0.811523 0.030159 0.046875
0 0.227778 0.511719 0.050794 0.041016
2 0.428571 0.138672 0.122222 0.173828
0 0.388095 0.783203 0.025397 0.041016
0 0.454762 0.824219 0.028571 0.083984
2 0.575397 0.508789 0.190476 0.425781
0 0.521429 0.569336 0.041270 0.101562
0 0.523810 0.202148 0.036508 0.074219
0 0.555556 0.250977 0.023810 0.042969
0 0.644444 0.764648 0.017460 0.027344
0 0.848413 0.416016 0.053968 0.017578
1 0.826984 0.803711 0.007937 0.015625
0 0.864286 0.854492 0.031746 0.031250
2 0.864286 0.842773 0.012698 0.062500
