0 0.087302 0.213867 0.014286 0.023438
2 0.192063 0.775391 0.065079 0.025391
0 0.269048 0.624023 0.057143 0.050781
0 0.292063 0.621582 0.020635 0.016602
1 0.506349 0.452148 0.014286 0.019531
2 0.567063 0.537109 0.076984 0.083984
1 0.550794 0.132812 0.020635 0.013672
0 0.660317 0.350586 0.147619 0.167969
0 0.650000 0.891602 0.028571 0.042969
2 0.691270 0.499023 0.104762 0.230469
2 0.709921 0.323242 0.083333 0.101562
1 0.746825 0.629883 0.019048 0.046875
1 0.776984 0.496094 0.022222 0.041016
0 0.813492 0.138672 0.053968 0.083984
2 0.917460 0.115234 0.084127 0.103516
2 0.966667 0.554688 0.055556 0.056641
