2 0.071429 0.131836 0.112698 0.074219
1 0.082540 0.272949 0.052381 0.034180
1 0.144841 0.301758 0.013492 0.019531
2 0.185317 0.141602 0.056349 0.070312
1 0.263492 0.595703 0.014286 0.021484
0 0.376190 0.674805 0.023810 0.031250
2 0.463492 0.362305 0.071429 0.144531
2 0.558730 0.457031 0.030159 0.068359
2 0.595635 0.592773 0.053175 0.035156
2 0.700000 0.655273 0.153968 0.117188
1 0.719444 0.432617 0.030952 0.035156
2 0.809524 0.678711 0.049206 0.066406
1 0.849603 0.878906 0.034127 0.060547
0 0.974206 0.264648 0.016667 0.042969
