1 0.126190 0.088867 0.012698 0.015625
2 0.208333 0.066406 0.027778 0.060547
0 0.216667 0.954102 0.038095 0.066406
1 0.227778 0.844727 0.038095 0.050781
2 0.242857 0.263672 0.042857 0.068359
0 0.273810 0.210938 0.041270 0.033203
2 0.328571 0.397461 0.030159 0.082031
1 0.494841 0.399414 0.021429 0.027344
0 0.513492 0.478516 0.031746 0.041016
0 0.565476 0.905273 0.040476 0.050781
2 0.611111 0.540039 0.119048 0.097656
2 0.616667 0.637695 0.092063 0.074219
0 0.588889 0.453125 0.017460 0.017578
0 0.696429 0.522461 0.034127 0.042969
2 0.725397 0.468750 0.039683 0.068359
0 0.793651 0.305664 0.058730 0.058594
