0 0.064286 0.636719 0.038095 0.037109
2 0.150794 0.483398 0.144444 0.191406
0 0.149206 0.121094 0.058730 0.076172
2 0.148413 0.366211 0.022222 0.082031
1 0.169841 0.207520 0.036508 0.024414
0 0.228571 0.062500 0.030159 0.064453
2 0.519841 0.563477 0.292063 0.734375
1 0.443651 0.531250 0.009524 0.013672
0 0.659524 0.039062 0.012698 0.033203
0 0.669048 0.154297 0.019048 0.056641
1 0.714286 0.375977 0.017460 0.058594
1 0.753175 0.525391 0.034921 0.033203
2 0.824206 0.745117 0.118254 0.085938
1 0.795635 0.095703 0.010317 0.017578
1 0.826984 0.098633 0.039683 0.042969
2 0.890476 0.292969 0.125397 0.138672
0 0.980952 0.457031 0.007937 0.037109
