0 0.084127 0.848633 0.080952 0.042969
2 0.151587 0.078125 0.019048 0.076172
2 0.176984 0.055664 0.031746 0.078125
0 0.234127 0.487305 0.047619 0.019531
1 0.269444 0.720703 0.042063 0.048828
2 0.507143 0.380859 0.200000 0.068359
1 0.423016 0.209961 0.012698 0.023438
1 0.427778 0.142578 0.009524 0.021484
1 0.526190 0.120117 0.006349 0.011719
0 0.555556 0.221680 0.033333 0.035156
1 0.744841 0.106934 0.107143 0.116211
2 0.794444 0.032227 0.041270 0.050781
2 0.853968 0.209961 0.068254 0.078125
2 0.872222 0.435547 0.107937 0.095703
1 0.896825 0.028320 0.046032 0.031250
