2 0.234127 0.229492 0.177778 0.167969
2 0.234127 0.107422 0.117460 0.060547
1 0.227778 0.264648 0.019048 0.027344
0 0.235714 0.492188 0.015873 0.025391
2 0.271429 0.809570 0.058730 0.261719
0 0.353175 0.837891 0.079365 0.044922
1 0.447222 0.686523 0.016667 0.007812
1 0.530952 0.556641 0.009524 0.029297
1 0.580159 0.375977 0.012698 0.015625
1 0.593651 0.776367 0.023810 0.023438
2 0.705556 0.197266 0.238095 0.322266
1 0.697619 0.305664 0.019048 0.015625
0 0.733333 0.701172 0.026984 0.087891
1 0.731746 0.302734 0.014286 0.017578
2 0.814286 0.179688 0.090476 0.087891
0 0.892460 0.412109 0.029365 0.009766
