2 0.111905 0.459961 0.114286 0.074219
2 0.196825 0.291992 0.246032 0.261719
2 0.223810 0.267578 0.217460 0.146484
1 0.148413 0.840820 0.015873 0.019531
2 0.244444 0.896484 0.033333 0.060547
1 0.289683 0.270508 0.009524 0.011719
1 0.395238 0.568359 0.119048 0.150391
1 0.334921 0.856445 0.011111 0.019531
2 0.411905 0.672852 0.136508 0.097656
2 0.466270 0.218750 0.089683 0.185547
1 0.557143 0.632812 0.011111 0.013672
0 0.575397 0.575195 0.025397 0.042969
1 0.713492 0.636719 0.019048 0.033203
2 0.926190 0.897461 0.031746 0.074219
0 0.969048 0.870117 0.015873 0.183594
