2 0.054365 0.293945 0.064286 0.179688
1 0.041270 0.599609 0.026984 0.029297
2 0.125397 0.058594 0.061905 0.052734
1 0.147222 0.760742 0.021429 0.027344
2 0.228175 0.729492 0.059524 0.089844
0 0.235714 0.193359 0.041270 0.064453
0 0.269841 0.447266 0.039683 0.095703
0 0.386508 0.819336 0.107937 0.085938
0 0.439683 0.256836 0.039683 0.070312
1 0.445238 0.192383 0.012698 0.011719
0 0.484921 0.471680 0.015873 0.046875
2 0.640476 0.801758 0.200000 0.117188
0 0.602381 0.157227 0.015873 0.019531
0 0.701587 0.689453 0.071429 0.029297
2 0.726190 0.613281 0.038095 0.064453
2 0.847619 0.187500 0.039683 0.072266
1 0.930159 0.343750 0.011111 0.013672
1 0.962698 0.275391 0.025397 0.009766
