2 0.214286 0.361328 0.188889 0.251953
2 0.168254 0.143555 0.071429 0.144531
0 0.153175 0.768555 0.015873 0.019531
2 0.304762 0.520508 0.100000 0.046875
0 0.354762 0.852539 0.057143 0.078125
1 0.389683 0.501953 0.031746 0.037109
2 0.440476 0.492188 0.123810 0.099609
1 0.434127 0.891602 0.022222 0.019531
2 0.531746 0.353516 0.214286 0.458984
2 0.579762 0.456055 0.026190 0.066406
1 0.661905 0.442383 0.017460 0.015625
2 0.730159 0.279297 0.103175 0.080078
2 0.833333 0.569336 0.074603 0.140625
0 0.895238 0.764648 0.065079 0.015625
