1 0.098016 0.026367 0.011905 0.015625
2 0.127778 0.168945 0.047619 0.113281
2 0.167460 0.113281 0.073016 0.056641
0 0.235317 0.411133 0.018254 0.015625
0 0.303968 0.662109 0.123810 0.150391
2 0.321429 0.354492 0.076190 0.101562
2 0.385714 0.128906 0.052381 0.064453
1 0.387302 0.044922 0.011111 0.013672
0 0.468254 0.469727 0.039683 0.046875
0 0.499206 0.850586 0.063492 0.039062
1 0.635714 0.810547 0.041270 0.052734
2 0.877778 0.742188 0.201587 0.255859
0 0.800000 0.547852 0.042857 0.066406
0 0.842063 0.143555 0.028571 0.078125
0 0.907143 0.936523 0.057143 0.042969
2 0.912698 0.780273 0.042857 0.062500
