2 0.210317 0.210938 0.326984 0.169922
0 0.100794 0.037109 0.082540 0.033203
0 0.105159 0.208008 0.078571 0.050781
1 0.157937 0.182617 0.031746 0.054688
2 0.208730 0.821289 0.092063 0.058594
0 0.437302 0.798828 0.012698 0.056641
1 0.550000 0.730469 0.012698 0.009766
0 0.556746 0.336914 0.021429 0.031250
1 0.669048 0.436523 0.019048 0.027344
0 0.680556 0.844727 0.023016 0.039062
1 0.775397 0.569336 0.012698 0.031250
2 0.810714 0.559570 0.037302 0.085938
0 0.841667 0.187500 0.013492 0.017578
2 0.926984 0.940430 0.039683 0.046875
