1 0.094444 0.931641 0.012698 0.017578
1 0.118651 0.717773 0.010317 0.023438
1 0.237302 0.800781 0.012698 0.017578
0 0.255556 0.305664 0.036508 0.035156
0 0.309524 0.265625 0.042857 0.025391
1 0.338889 0.447266 0.015873 0.025391
0 0.394444 0.756836 0.073016 0.097656
2 0.546032 0.410156 0.084127 0.103516
0 0.679365 0.722656 0.026984 0.017578
0 0.761111 0.695312 0.130159 0.072266
0 0.786508 0.841797 0.120635 0.083984
2 0.785714 0.199219 0.049206 0.208984
2 0.855556 0.138672 0.109524 0.123047
1 0.844444 0.153320 0.020635 0.023438
0 0.860317 0.672852 0.049206 0.082031
0 0.892857 0.560547 0.019048 0.060547
