1 0.090476 0.320312 0.007937 0.013672
0 0.169841 0.709961 0.036508 0.035156
2 0.235714 0.809082 0.098413 0.086914
0 0.268254 0.126953 0.119048 0.091797
2 0.304762 0.784180 0.093651 0.222656
0 0.365079 0.457031 0.080952 0.060547
2 0.474603 0.509766 0.122222 0.056641
1 0.537302 0.618164 0.012698 0.023438
1 0.571032 0.923828 0.007143 0.021484
2 0.648413 0.738281 0.098413 0.232422
2 0.718254 0.578125 0.053968 0.091797
0 0.773016 0.804688 0.103175 0.076172
0 0.768254 0.118652 0.074603 0.030273
1 0.864286 0.612305 0.053968 0.023438
0 0.884127 0.057617 0.023810 0.039062
