2 0.034127 0.342773 0.057143 0.039062
2 0.088492 0.682617 0.135714 0.058594
0 0.059127 0.381836 0.029365 0.027344
1 0.070635 0.145508 0.009524 0.011719
2 0.100000 0.127930 0.036508 0.144531
2 0.137302 0.814453 0.057143 0.169922
2 0.319841 0.650391 0.314286 0.130859
2 0.223810 0.585938 0.080952 0.080078
0 0.252381 0.693359 0.061905 0.044922
0 0.273810 0.858398 0.076190 0.046875
1 0.371429 0.379883 0.007937 0.011719
1 0.439683 0.518555 0.030159 0.035156
0 0.480159 0.223633 0.041270 0.074219
1 0.495238 0.226562 0.014286 0.017578
2 0.753175 0.219727 0.069841 0.113281
2 0.782540 0.354492 0.046032 0.039062
0 0.799206 0.738281 0.038095 0.048828
