2 0.204762 0.590820 0.144444 0.281250
2 0.185714 0.295898 0.087302 0.152344
1 0.197619 0.778320 0.015873 0.011719
0 0.263492 0.177734 0.100000 0.091797
1 0.278175 0.404297 0.018254 0.033203
0 0.315873 0.541016 0.061905 0.060547
2 0.319048 0.111328 0.014286 0.060547
2 0.431746 0.402344 0.103175 0.173828
1 0.456349 0.180664 0.022222 0.011719
1 0.584127 0.550781 0.103175 0.072266
0 0.510317 0.599609 0.028571 0.154297
2 0.545238 0.945312 0.060317 0.060547
1 0.773016 0.328125 0.020635 0.033203
2 0.822222 0.080078 0.074603 0.095703
