2 0.087302 0.172852 0.046032 0.089844
0 0.126190 0.861328 0.066667 0.052734
1 0.209524 0.330078 0.020635 0.033203
1 0.262698 0.739258 0.041270 0.093750
2 0.562698 0.528320 0.425397 0.292969
2 0.386508 0.758789 0.063492 0.039062
1 0.442857 0.303711 0.023810 0.027344
0 0.513492 0.528320 0.028571 0.093750
2 0.612698 0.323242 0.153968 0.480469
2 0.635714 0.366211 0.047619 0.089844
0 0.687302 0.472656 0.026984 0.037109
2 0.803968 0.624023 0.092063 0.175781
2 0.806349 0.703125 0.065079 0.201172
0 0.887302 0.564453 0.058730 0.080078
