0 0.044048 0.974609 0.019841 0.013672
0 0.061111 0.680664 0.028571 0.050781
0 0.115873 0.685547 0.058730 0.087891
0 0.155952 0.087891 0.027778 0.041016
0 0.230952 0.541016 0.107937 0.126953
0 0.192063 0.926758 0.026984 0.046875
0 0.212698 0.668945 0.046032 0.046875
1 0.237302 0.843750 0.009524 0.013672
0 0.363889 0.516602 0.043651 0.074219
2 0.442063 0.259766 0.126984 0.181641
1 0.476984 0.965820 0.022222 0.015625
2 0.576190 0.701172 0.084127 0.255859
2 0.745238 0.775391 0.200000 0.220703
2 0.740476 0.336914 0.098413 0.078125
2 0.751587 0.075195 0.044444 0.082031
