1 0.027778 0.617188 0.012698 0.021484
1 0.190476 0.243164 0.036508 0.042969
2 0.192063 0.145508 0.020635 0.042969
1 0.232540 0.143555 0.076190 0.046875
1 0.270635 0.717773 0.022222 0.027344
0 0.277778 0.301758 0.033333 0.035156
0 0.348413 0.470703 0.015873 0.009766
1 0.402381 0.562988 0.047619 0.028320
2 0.548413 0.122070 0.085714 0.109375
2 0.576190 0.524414 0.071429 0.058594
1 0.559524 0.032227 0.009524 0.031250
0 0.622222 0.457031 0.036508 0.240234
1 0.657937 0.286133 0.015873 0.015625
0 0.697619 0.700195 0.063492 0.058594
0 0.757143 0.288086 0.030159 0.039062
2 0.776190 0.620117 0.061905 0.023438
2 0.811111 0.117188 0.096825 0.177734
2 0.812698 0.812500 0.080952 0.099609
