0 0.100000 0.671875 0.071429 0.060547
2 0.124603 0.512695 0.092063 0.253906
2 0.263492 0.503906 0.261905 0.462891
1 0.207937 0.917969 0.014286 0.025391
0 0.232540 0.210938 0.025397 0.060547
0 0.376190 0.461914 0.061905 0.054688
0 0.373016 0.844727 0.033333 0.023438
2 0.420238 0.372559 0.032540 0.127930
0 0.477778 0.415527 0.036508 0.018555
1 0.471825 0.677734 0.021429 0.044922
0 0.497619 0.468750 0.019048 0.072266
2 0.651984 0.967773 0.064286 0.035156
2 0.661905 0.033203 0.030159 0.056641
1 0.688889 0.513672 0.020635 0.021484
0 0.773016 0.636719 0.020635 0.076172
1 0.804762 0.273438 0.014286 0.021484
0 0.837302 0.401367 0.034921 0.097656
