2 0.093229 0.964815 0.054167 0.057407
1 0.122917 0.308333 0.021875 0.007407
1 0.130729 0.988889 0.014583 0.005556
2 0.179167 0.893519 0.071875 0.074074
1 0.196615 0.406481 0.015104 0.003704
2 0.361979 0.886111 0.066667 0.055556
0 0.430729 0.812037 0.027083 0.014815
1 0.427604 0.005556 0.008333 0.009259
2 0.532552 0.409259 0.068229 0.035185
0 0.529687 0.391667 0.035417 0.014815
0 0.593750 0.712963 0.013542 0.012963
2 0.747135 0.472222 0.023438 0.031481
2 0.793490 0.351852 0.027604 0.083333
2 0.894792 0.154630 0.194792 0.192593
0 0.832812 0.944444 0.012500 0.031481
1 0.878125 0.696296 0.007292 0.009259
0 0.892969 0.114815 0.024479 0.005556
