1 0.123810 0.446289 0.049206 0.070312
0 0.128571 0.889648 0.049206 0.164062
2 0.139683 0.385742 0.033333 0.050781
1 0.151190 0.465820 0.013492 0.011719
2 0.258730 0.656250 0.074603 0.111328
1 0.400000 0.227539 0.036508 0.140625
1 0.393651 0.887695 0.023810 0.019531
1 0.402381 0.826172 0.031746 0.021484
1 0.433333 0.108398 0.014286 0.023438
0 0.607143 0.565430 0.034921 0.062500
2 0.634127 0.782227 0.076190 0.128906
2 0.722222 0.137695 0.052381 0.019531
2 0.821429 0.159180 0.076190 0.042969
2 0.854762 0.171875 0.076190 0.048828
0 0.846825 0.150391 0.053968 0.056641
0 0.897619 0.092773 0.031746 0.054688
1 0.985317 0.137695 0.011905 0.015625
