2 0.159524 0.367188 0.082540 0.150391
0 0.164286 0.475586 0.022222 0.019531
1 0.222222 0.508789 0.007937 0.023438
2 0.310317 0.695312 0.066667 0.107422
0 0.346429 0.351562 0.018254 0.029297
2 0.560317 0.571289 0.376190 0.226562
0 0.442857 0.523438 0.017460 0.037109
2 0.643651 0.248047 0.123810 0.208984
2 0.643651 0.118164 0.088889 0.093750
1 0.674603 0.143555 0.014286 0.023438
2 0.752381 0.728516 0.023810 0.044922
0 0.803175 0.089844 0.049206 0.044922
0 0.803175 0.245117 0.026984 0.070312
2 0.883333 0.413086 0.177778 0.113281
0 0.813492 0.545898 0.019048 0.023438
0 0.848810 0.125000 0.029365 0.021484
0 0.946032 0.583984 0.058730 0.056641
