2 0.093229 0.222222 0.158333 0.046296
0 0.186979 0.818519 0.027083 0.012963
0 0.199219 0.070370 0.018229 0.009259
2 0.261458 0.027778 0.021875 0.038889
0 0.309375 0.253704 0.009375 0.009259
2 0.377865 0.112963 0.023438 0.042593
2 0.455729 0.726852 0.031250 0.092593
1 0.459896 0.459259 0.014583 0.009259
2 0.495833 0.298148 0.048958 0.075926
2 0.562240 0.305556 0.038021 0.142593
2 0.687500 0.831481 0.109375 0.142593
1 0.684896 0.516667 0.006250 0.020370
2 0.862500 0.335185 0.253125 0.250000
0 0.800260 0.850926 0.013021 0.077778
2 0.955469 0.965741 0.057813 0.029630
