2 0.117460 0.081055 0.036508 0.062500
2 0.177778 0.647461 0.017460 0.042969
0 0.264286 0.718750 0.025397 0.044922
0 0.265873 0.263672 0.019048 0.205078
0 0.265873 0.627930 0.019048 0.019531
0 0.340476 0.847656 0.044444 0.080078
1 0.420635 0.197266 0.036508 0.037109
2 0.560317 0.210938 0.306349 0.228516
2 0.526190 0.568359 0.174603 0.279297
2 0.565873 0.753906 0.098413 0.080078
0 0.645238 0.099609 0.095238 0.119141
2 0.764286 0.442383 0.212698 0.269531
0 0.680159 0.551758 0.019048 0.046875
2 0.790476 0.654297 0.033333 0.056641
0 0.916667 0.510742 0.044444 0.046875
0 0.920238 0.144531 0.018254 0.056641
