2 0.067460 0.149414 0.050794 0.031250
1 0.089683 0.938477 0.047619 0.015625
2 0.186905 0.388672 0.062698 0.119141
0 0.181746 0.668945 0.041270 0.085938
2 0.224603 0.818359 0.066667 0.095703
2 0.265079 0.722656 0.084127 0.150391
1 0.450794 0.049805 0.011111 0.023438
2 0.515079 0.919922 0.092063 0.087891
2 0.506349 0.646484 0.039683 0.052734
2 0.542857 0.468750 0.049206 0.044922
2 0.563492 0.208984 0.023810 0.158203
0 0.593651 0.050781 0.042857 0.048828
0 0.680952 0.311035 0.096825 0.114258
2 0.752381 0.208984 0.090476 0.056641
1 0.734921 0.781250 0.017460 0.021484
1 0.790476 0.269531 0.023810 0.017578
0 0.928571 0.704102 0.077778 0.093750
0 0.926190 0.512695 0.047619 0.093750
