2 0.036979 0.215741 0.020833 0.051852
2 0.367708 0.188889 0.030208 0.112963
2 0.378646 0.259259 0.027083 0.101852
0 0.401562 0.805556 0.008333 0.042593
0 0.447656 0.510185 0.025521 0.007407
1 0.521875 0.537037 0.023958 0.009259
0 0.519271 0.282407 0.010417 0.066667
0 0.600521 0.699074 0.029167 0.011111
0 0.651042 0.747222 0.044792 0.029630
2 0.670833 0.264815 0.065625 0.112963
1 0.684375 0.914352 0.011458 0.006481
0 0.705208 0.650000 0.021875 0.020370
0 0.817708 0.513889 0.019792 0.018519
0 0.894792 0.016667 0.023958 0.005556
0 0.956771 0.226852 0.043750 0.011111
