1 0.100794 0.552734 0.028571 0.017578
0 0.160317 0.901367 0.036508 0.070312
2 0.296032 0.669922 0.193651 0.154297
0 0.296429 0.535156 0.129365 0.154297
0 0.323810 0.258789 0.023810 0.078125
2 0.424603 0.574219 0.053968 0.166016
0 0.426190 0.838867 0.038095 0.035156
2 0.582540 0.371094 0.277778 0.521484
2 0.536508 0.604492 0.160317 0.062500
0 0.611111 0.751953 0.033333 0.041016
1 0.673810 0.908203 0.025397 0.029297
1 0.792857 0.580078 0.031746 0.029297
0 0.872222 0.161133 0.012698 0.027344
0 0.884921 0.607422 0.025397 0.056641
