0 0.088095 0.106445 0.025397 0.085938
2 0.186508 0.643555 0.130159 0.074219
0 0.156349 0.596680 0.095238 0.062500
0 0.212698 0.055664 0.046032 0.050781
0 0.342460 0.238281 0.043651 0.087891
2 0.488889 0.354492 0.093651 0.046875
0 0.566667 0.723633 0.020635 0.042969
2 0.660317 0.546875 0.134921 0.240234
0 0.619048 0.926758 0.007937 0.019531
0 0.711111 0.232422 0.090476 0.064453
2 0.779762 0.844727 0.200794 0.062500
0 0.739683 0.814453 0.052381 0.037109
2 0.794444 0.189453 0.098413 0.068359
2 0.800794 0.187500 0.107937 0.115234
0 0.884127 0.207031 0.074603 0.056641
0 0.903175 0.027344 0.023810 0.021484
2 0.932540 0.165039 0.034921 0.070312
