0 0.066667 0.588867 0.109524 0.121094
0 0.097619 0.321289 0.076190 0.093750
1 0.080159 0.173828 0.006349 0.017578
2 0.163095 0.748047 0.050000 0.103516
2 0.220635 0.204102 0.049206 0.066406
0 0.204762 0.961914 0.011111 0.015625
1 0.315873 0.312500 0.014286 0.013672
2 0.334127 0.378906 0.050794 0.146484
0 0.340476 0.461914 0.034921 0.070312
2 0.453175 0.294922 0.139683 0.287109
2 0.497619 0.753906 0.038095 0.224609
1 0.523810 0.471680 0.020635 0.023438
2 0.532540 0.779297 0.022222 0.052734
0 0.650000 0.234375 0.038095 0.111328
2 0.888889 0.286133 0.163492 0.117188
0 0.908730 0.284180 0.038095 0.078125
