1 0.014286 0.608398 0.014286 0.039062
2 0.091270 0.868164 0.073016 0.136719
2 0.107937 0.328125 0.061905 0.068359
2 0.190476 0.652344 0.138095 0.232422
0 0.369048 0.773438 0.057143 0.169922
2 0.406349 0.626953 0.030159 0.166016
0 0.457143 0.140625 0.030159 0.041016
1 0.450794 0.840820 0.017460 0.035156
2 0.578571 0.624023 0.158730 0.144531
0 0.603968 0.298828 0.028571 0.111328
0 0.671032 0.162109 0.051587 0.021484
2 0.765873 0.660156 0.104762 0.076172
2 0.807937 0.447266 0.185714 0.240234
0 0.751587 0.953125 0.073016 0.033203
2 0.834921 0.939453 0.087302 0.080078
1 0.848413 0.633789 0.019048 0.019531
