0 0.034921 0.625977 0.039683 0.019531
2 0.180159 0.089844 0.050794 0.115234
0 0.239683 0.760742 0.033333 0.027344
1 0.277778 0.103516 0.030159 0.017578
0 0.296032 0.089844 0.044444 0.021484
2 0.371032 0.958008 0.037302 0.039062
2 0.394841 0.798828 0.048413 0.029297
2 0.426190 0.750000 0.092063 0.134766
0 0.425397 0.262695 0.046032 0.062500
0 0.521032 0.275391 0.027778 0.080078
2 0.557937 0.120117 0.057143 0.042969
2 0.601587 0.098633 0.119048 0.074219
2 0.629365 0.264648 0.047619 0.097656
0 0.709524 0.711914 0.077778 0.085938
0 0.834921 0.943359 0.036508 0.029297
2 0.874603 0.072266 0.049206 0.025391
1 0.878175 0.711914 0.018254 0.003906
