0 0.099206 0.399414 0.019048 0.039062
0 0.117460 0.736328 0.036508 0.025391
1 0.148413 0.673828 0.015873 0.017578
2 0.311905 0.854492 0.241270 0.156250
2 0.297619 0.610352 0.085714 0.101562
2 0.590476 0.295898 0.223810 0.265625
2 0.565079 0.865234 0.077778 0.080078
0 0.603175 0.627930 0.036508 0.039062
0 0.696429 0.821289 0.010317 0.039062
2 0.841270 0.599609 0.128571 0.255859
0 0.803968 0.423828 0.034921 0.044922
0 0.924603 0.377930 0.104762 0.093750
1 0.915476 0.811523 0.015079 0.035156
1 0.938095 0.654297 0.023810 0.029297
