1 0.071032 0.831055 0.016667 0.015625
1 0.248413 0.114258 0.012698 0.007812
1 0.345238 0.155273 0.015873 0.023438
0 0.441270 0.548828 0.026984 0.025391
1 0.503175 0.750977 0.023810 0.011719
0 0.524206 0.144531 0.027778 0.033203
1 0.655556 0.495117 0.134921 0.285156
2 0.725397 0.369141 0.233333 0.158203
1 0.620238 0.784180 0.011905 0.023438
2 0.775397 0.704102 0.228571 0.195312
1 0.772222 0.294922 0.019048 0.017578
2 0.874603 0.408203 0.211111 0.083984
2 0.868254 0.647461 0.112698 0.121094
2 0.892857 0.831055 0.101587 0.074219
0 0.876984 0.880859 0.050794 0.056641
2 0.923016 0.833984 0.104762 0.173828
2 0.923016 0.270508 0.082540 0.101562
