0 0.114286 0.838867 0.007937 0.046875
0 0.209524 0.396484 0.074603 0.044922
2 0.200000 0.239258 0.042857 0.093750
0 0.262698 0.423340 0.079365 0.034180
2 0.250000 0.299805 0.044444 0.023438
2 0.401587 0.532227 0.176190 0.199219
1 0.353175 0.632812 0.009524 0.029297
2 0.415079 0.388672 0.104762 0.056641
2 0.461905 0.759766 0.198413 0.095703
2 0.422619 0.762695 0.029365 0.054688
0 0.465079 0.228516 0.039683 0.060547
2 0.550000 0.299805 0.193651 0.359375
0 0.484127 0.360352 0.026984 0.031250
2 0.575397 0.572266 0.088889 0.095703
0 0.683333 0.649414 0.047619 0.113281
0 0.699206 0.083008 0.012698 0.070312
1 0.769841 0.833008 0.074603 0.167969
2 0.953968 0.237305 0.058730 0.046875
