0 0.117188 0.396759 0.020833 0.041667
0 0.244271 0.929167 0.018750 0.006481
1 0.311198 0.580556 0.006771 0.007407
0 0.381510 0.851852 0.064062 0.027778
2 0.563542 0.100926 0.059375 0.092593
2 0.558854 0.157407 0.058333 0.201852
0 0.603646 0.339815 0.008333 0.044444
2 0.702604 0.375000 0.058333 0.200000
2 0.717708 0.162963 0.059375 0.116667
2 0.781510 0.400926 0.060937 0.166667
2 0.794271 0.783333 0.085417 0.050000
0 0.810417 0.708796 0.007292 0.010185
1 0.843750 0.520370 0.011458 0.024074
0 0.982812 0.571296 0.029167 0.011111
