2 0.154365 0.605469 0.059524 0.130859
2 0.202778 0.196289 0.050000 0.125000
1 0.203571 0.699219 0.015079 0.025391
2 0.231746 0.125000 0.039683 0.052734
2 0.359524 0.386719 0.269841 0.291016
0 0.288095 0.061523 0.038095 0.015625
2 0.353175 0.209961 0.139683 0.132812
2 0.334921 0.288086 0.030159 0.019531
1 0.388095 0.290039 0.028571 0.019531
2 0.642857 0.607422 0.087302 0.091797
0 0.726984 0.799805 0.068254 0.027344
2 0.794444 0.407227 0.142857 0.285156
0 0.762302 0.091797 0.027778 0.017578
1 0.787302 0.255859 0.014286 0.009766
2 0.857937 0.193359 0.142857 0.080078
