1 0.034921 0.748047 0.020635 0.025391
2 0.119841 0.756836 0.126984 0.246094
0 0.075397 0.506836 0.034921 0.015625
2 0.180159 0.431641 0.098413 0.412109
0 0.201587 0.948242 0.039683 0.031250
0 0.199603 0.757812 0.026190 0.013672
0 0.242063 0.723633 0.079365 0.027344
0 0.255159 0.362305 0.032540 0.031250
1 0.280159 0.302734 0.038095 0.037109
0 0.347619 0.732422 0.033333 0.099609
2 0.415079 0.569336 0.066667 0.074219
1 0.404762 0.491211 0.017460 0.023438
0 0.458730 0.798828 0.033333 0.099609
1 0.488095 0.754883 0.015873 0.007812
1 0.498413 0.856445 0.014286 0.023438
1 0.578968 0.842285 0.013492 0.008789
0 0.825397 0.531250 0.106349 0.099609
