1 0.034921 0.260742 0.011111 0.011719
2 0.102381 0.866211 0.098413 0.136719
0 0.084127 0.658203 0.030159 0.041016
1 0.085714 0.370117 0.007937 0.011719
1 0.091270 0.355469 0.006349 0.013672
0 0.157937 0.661133 0.041270 0.027344
2 0.292063 0.690430 0.115873 0.148438
1 0.348810 0.129883 0.027778 0.035156
1 0.406746 0.171875 0.016667 0.017578
0 0.453175 0.458984 0.031746 0.115234
0 0.470635 0.237305 0.047619 0.050781
1 0.516667 0.267578 0.012698 0.021484
2 0.619048 0.530273 0.017460 0.042969
0 0.796032 0.693359 0.069841 0.029297
0 0.787302 0.458984 0.030159 0.029297
2 0.848810 0.303711 0.083333 0.132812
2 0.847619 0.669922 0.080952 0.095703
