0 0.038021 0.362037 0.008333 0.007407
0 0.041667 0.737963 0.015625 0.092593
2 0.508333 0.728704 0.846875 0.511111
2 0.536979 0.529630 0.889583 0.538889
1 0.173958 0.245370 0.007292 0.011111
2 0.266146 0.571296 0.112500 0.033333
0 0.383333 0.114815 0.015625 0.031481
2 0.554688 0.761111 0.212500 0.357407
1 0.476042 0.400000 0.009375 0.012963
1 0.586458 0.587963 0.023958 0.007407
1 0.738542 0.685185 0.026042 0.009259
2 0.761458 0.683333 0.044792 0.046296
1 0.840625 0.575926 0.007292 0.012963
0 0.936979 0.296296 0.006250 0.031481
0 0.954427 0.798148 0.008854 0.024074
