2 0.165079 0.652344 0.223810 0.119141
0 0.111905 0.175781 0.022222 0.099609
0 0.180159 0.250977 0.025397 0.046875
1 0.189683 0.970703 0.022222 0.025391
1 0.226190 0.646484 0.025397 0.017578
0 0.244444 0.638672 0.023810 0.076172
0 0.335317 0.292969 0.096032 0.111328
0 0.302381 0.098633 0.012698 0.054688
2 0.330159 0.158203 0.052381 0.056641
2 0.402381 0.477539 0.174603 0.128906
1 0.345238 0.017578 0.019048 0.029297
0 0.361905 0.214844 0.020635 0.021484
1 0.366667 0.135742 0.023810 0.015625
0 0.505556 0.855469 0.028571 0.044922
0 0.542857 0.872070 0.055556 0.027344
0 0.550000 0.569336 0.031746 0.085938
2 0.561905 0.536133 0.017460 0.050781
1 0.755556 0.115234 0.026984 0.033203
0 0.850794 0.445312 0.144444 0.107422
