0 0.054762 0.740234 0.060317 0.064453
0 0.110317 0.422852 0.063492 0.027344
0 0.099206 0.785156 0.031746 0.033203
1 0.106349 0.927734 0.026984 0.037109
1 0.117460 0.274414 0.036508 0.042969
0 0.144444 0.925781 0.074603 0.091797
1 0.221429 0.825195 0.015873 0.015625
0 0.335714 0.843750 0.060317 0.072266
0 0.413492 0.383789 0.038095 0.089844
2 0.519841 0.741211 0.231746 0.253906
2 0.459921 0.681641 0.067460 0.099609
0 0.623810 0.114258 0.020635 0.070312
1 0.639286 0.490234 0.032540 0.056641
2 0.663492 0.086914 0.065079 0.167969
1 0.743254 0.724609 0.008730 0.009766
2 0.828175 0.439453 0.099206 0.056641
0 0.938889 0.359375 0.053968 0.025391
