0 0.062500 0.122222 0.009375 0.057407
1 0.173437 0.673148 0.008333 0.025926
2 0.258073 0.383333 0.039062 0.083333
2 0.335938 0.121296 0.035417 0.137037
2 0.507812 0.171296 0.064583 0.114815
1 0.573958 0.874074 0.017708 0.005556
2 0.679167 0.054630 0.057292 0.092593
2 0.685937 0.233333 0.060417 0.061111
0 0.698698 0.943519 0.039062 0.011111
0 0.719271 0.494444 0.008333 0.038889
0 0.747917 0.257407 0.026042 0.012963
0 0.793750 0.075926 0.017708 0.042593
2 0.833333 0.368519 0.082292 0.127778
1 0.937760 0.455556 0.007812 0.005556
