0 0.058854 0.583333 0.016667 0.009259
0 0.078125 0.678704 0.028125 0.007407
0 0.081771 0.664815 0.012500 0.020370
0 0.109896 0.896296 0.039583 0.020370
2 0.242188 0.214815 0.022917 0.068519
2 0.396354 0.199074 0.020833 0.051852
1 0.410417 0.120370 0.007292 0.012963
0 0.461979 0.607407 0.027083 0.024074
2 0.477344 0.281481 0.014063 0.038889
2 0.544010 0.487037 0.023438 0.031481
0 0.549479 0.270370 0.022917 0.020370
2 0.578646 0.822222 0.052083 0.050000
2 0.773698 0.082407 0.028646 0.062963
1 0.781510 0.417593 0.011979 0.007407
