2 0.121429 0.817383 0.073016 0.097656
2 0.108730 0.909180 0.041270 0.125000
0 0.125397 0.627930 0.068254 0.105469
2 0.165079 0.283203 0.138095 0.212891
1 0.143651 0.231445 0.015873 0.035156
1 0.323810 0.451172 0.033333 0.017578
2 0.363889 0.888672 0.070635 0.033203
0 0.375397 0.832031 0.069841 0.080078
0 0.414286 0.143555 0.058730 0.046875
2 0.571429 0.540039 0.065079 0.296875
1 0.614286 0.497070 0.011111 0.007812
2 0.848413 0.431641 0.196825 0.087891
0 0.831746 0.265625 0.071429 0.041016
1 0.813492 0.363281 0.009524 0.041016
1 0.841270 0.541992 0.030159 0.031250
2 0.880159 0.162109 0.060317 0.107422
0 0.932540 0.816406 0.063492 0.037109
1 0.919048 0.068359 0.026984 0.025391
