2 0.245238 0.294922 0.387302 0.326172
2 0.252381 0.359375 0.096825 0.123047
0 0.273810 0.839844 0.047619 0.091797
2 0.289683 0.781250 0.044444 0.169922
0 0.396429 0.403320 0.040476 0.070312
2 0.503175 0.504883 0.065079 0.167969
0 0.627778 0.085938 0.041270 0.076172
2 0.644444 0.757812 0.055556 0.060547
0 0.686508 0.951172 0.034921 0.080078
0 0.688095 0.159180 0.012698 0.023438
2 0.715873 0.708984 0.058730 0.068359
1 0.780952 0.108398 0.014286 0.019531
1 0.811905 0.741211 0.015873 0.023438
0 0.909524 0.180664 0.036508 0.097656
2 0.951587 0.076172 0.047619 0.029297
0 0.946032 0.740234 0.017460 0.048828
