0 0.021354 0.308333 0.016667 0.014815
0 0.178125 0.474074 0.038542 0.012963
0 0.204687 0.058333 0.031250 0.007407
2 0.274479 0.150000 0.145833 0.190741
0 0.208854 0.087037 0.008333 0.020370
2 0.314063 0.540741 0.064583 0.127778
2 0.418750 0.665741 0.059375 0.044444
1 0.453125 0.650000 0.011458 0.031481
1 0.580729 0.342593 0.025000 0.005556
0 0.581510 0.022222 0.011979 0.005556
2 0.619271 0.162963 0.058333 0.050000
0 0.654687 0.083796 0.022917 0.008333
0 0.727083 0.511111 0.059375 0.024074
2 0.786979 0.150926 0.039583 0.018519
2 0.813021 0.425926 0.058333 0.053704
0 0.830208 0.943519 0.023958 0.011111
0 0.875000 0.778704 0.011458 0.040741
