0 0.028571 0.832031 0.036508 0.044922
2 0.223016 0.747070 0.222222 0.386719
0 0.146032 0.779297 0.028571 0.037109
2 0.202381 0.908203 0.060317 0.060547
2 0.323810 0.563477 0.036508 0.062500
2 0.451587 0.359375 0.263492 0.291016
0 0.384127 0.375000 0.030159 0.095703
0 0.421429 0.105469 0.044444 0.048828
2 0.469841 0.199219 0.100000 0.146484
0 0.444444 0.645508 0.046032 0.062500
2 0.545238 0.742188 0.107937 0.212891
0 0.520635 0.195312 0.046032 0.060547
2 0.637302 0.513672 0.053968 0.154297
0 0.626190 0.040039 0.012698 0.027344
2 0.730952 0.753906 0.076190 0.111328
0 0.773810 0.571777 0.057143 0.018555
2 0.816667 0.657227 0.034921 0.167969
1 0.911905 0.685547 0.012698 0.021484
