0 0.083333 0.154297 0.069841 0.029297
0 0.076984 0.839844 0.025397 0.162109
2 0.165873 0.157227 0.069841 0.156250
0 0.199206 0.465820 0.050794 0.121094
2 0.264286 0.342773 0.044444 0.296875
0 0.308730 0.379883 0.098413 0.101562
1 0.348413 0.876953 0.015873 0.017578
2 0.493651 0.143555 0.077778 0.082031
2 0.515873 0.166016 0.071429 0.072266
1 0.496825 0.191406 0.011111 0.029297
1 0.503968 0.981445 0.006349 0.023438
0 0.723810 0.633789 0.080952 0.089844
0 0.767857 0.569336 0.064286 0.046875
0 0.774603 0.167969 0.026984 0.150391
1 0.856746 0.933594 0.023016 0.060547
0 0.888095 0.051758 0.025397 0.035156
