2 0.082540 0.551758 0.039683 0.144531
0 0.158730 0.718750 0.128571 0.126953
2 0.207143 0.583008 0.212698 0.144531
0 0.172222 0.166016 0.015873 0.064453
2 0.320635 0.475586 0.188889 0.277344
0 0.257143 0.498047 0.033333 0.033203
0 0.307937 0.480469 0.011111 0.013672
0 0.323016 0.776367 0.038095 0.042969
2 0.461905 0.187012 0.160317 0.155273
2 0.402381 0.378906 0.034921 0.037109
0 0.488889 0.468750 0.065079 0.033203
0 0.496825 0.434570 0.042857 0.054688
1 0.690476 0.779297 0.061905 0.033203
2 0.836508 0.267578 0.315873 0.197266
2 0.815079 0.625000 0.082540 0.076172
0 0.898413 0.182617 0.030159 0.046875
