2 0.073016 0.127441 0.090476 0.063477
2 0.153175 0.715820 0.149206 0.195312
2 0.110317 0.859375 0.057143 0.095703
2 0.255556 0.349609 0.144444 0.169922
2 0.328571 0.454102 0.039683 0.089844
0 0.554762 0.247070 0.168254 0.156250
2 0.616270 0.595703 0.107143 0.208984
0 0.627778 0.403320 0.060317 0.050781
2 0.672222 0.739258 0.101587 0.097656
2 0.662302 0.134766 0.065873 0.080078
0 0.710317 0.140625 0.149206 0.138672
2 0.689683 0.789062 0.085714 0.044922
0 0.698016 0.051758 0.048413 0.039062
2 0.730952 0.173828 0.060317 0.044922
2 0.786508 0.572266 0.104762 0.228516
1 0.776190 0.775391 0.017460 0.021484
2 0.905556 0.500000 0.149206 0.107422
