1 0.034127 0.051758 0.012698 0.011719
1 0.035714 0.891602 0.009524 0.027344
2 0.121429 0.635742 0.111111 0.117188
0 0.113492 0.955078 0.038095 0.041016
1 0.195238 0.337891 0.055556 0.142578
0 0.176984 0.047852 0.053968 0.015625
2 0.232937 0.772461 0.076984 0.066406
1 0.372222 0.818359 0.012698 0.009766
0 0.395635 0.802734 0.034127 0.064453
1 0.397619 0.445312 0.015873 0.025391
0 0.533333 0.891602 0.023810 0.085938
1 0.552381 0.975586 0.014286 0.027344
2 0.648016 0.738281 0.081746 0.138672
0 0.639683 0.882812 0.036508 0.037109
0 0.655556 0.964844 0.030159 0.056641
0 0.699206 0.246094 0.038095 0.037109
0 0.737302 0.227539 0.044444 0.039062
