0 0.053175 0.578125 0.028571 0.021484
2 0.186508 0.731445 0.149206 0.355469
0 0.147619 0.539062 0.058730 0.130859
0 0.202381 0.416992 0.034921 0.066406
2 0.271429 0.347656 0.141270 0.033203
0 0.223016 0.326172 0.025397 0.017578
2 0.306349 0.406250 0.023810 0.056641
2 0.390476 0.643555 0.147619 0.066406
0 0.433333 0.478516 0.049206 0.068359
1 0.485714 0.772461 0.020635 0.027344
0 0.653968 0.825195 0.046032 0.039062
2 0.730159 0.833008 0.157143 0.175781
1 0.846429 0.888672 0.037302 0.044922
1 0.946032 0.791016 0.014286 0.013672
