2 0.126190 0.547852 0.193651 0.242188
2 0.096032 0.772461 0.088889 0.062500
2 0.135714 0.368164 0.123810 0.164062
1 0.084921 0.509766 0.012698 0.013672
1 0.128571 0.915039 0.007937 0.031250
2 0.184127 0.130859 0.071429 0.146484
1 0.273016 0.501953 0.014286 0.017578
0 0.335714 0.827148 0.022222 0.039062
0 0.361905 0.304688 0.030159 0.029297
1 0.380952 0.811523 0.011111 0.019531
0 0.487302 0.150391 0.026984 0.095703
0 0.527778 0.260742 0.063492 0.125000
2 0.590476 0.941406 0.080952 0.048828
2 0.695238 0.448242 0.065079 0.066406
0 0.718254 0.936523 0.034921 0.050781
2 0.776984 0.671875 0.120635 0.048828
1 0.815079 0.767578 0.012698 0.017578
