0 0.068254 0.562500 0.077778 0.041016
0 0.071429 0.323242 0.058730 0.042969
0 0.175000 0.582031 0.129365 0.017578
0 0.298413 0.391602 0.077778 0.023438
1 0.364286 0.046875 0.057143 0.033203
2 0.373810 0.636719 0.076190 0.048828
2 0.358730 0.837891 0.039683 0.111328
0 0.435714 0.955078 0.073016 0.048828
1 0.459524 0.778320 0.009524 0.042969
2 0.633333 0.438477 0.182540 0.109375
1 0.565873 0.135742 0.025397 0.027344
1 0.563889 0.615234 0.010317 0.013672
0 0.608730 0.900391 0.092063 0.138672
0 0.630159 0.577148 0.058730 0.066406
2 0.650794 0.132812 0.052381 0.072266
1 0.686508 0.554688 0.012698 0.017578
1 0.791270 0.510742 0.015873 0.019531
2 0.872222 0.630859 0.057143 0.060547
