0 0.078571 0.456055 0.063492 0.027344
2 0.405556 0.427734 0.606349 0.376953
1 0.211905 0.488281 0.155556 0.314453
0 0.246032 0.549805 0.055556 0.046875
0 0.260317 0.889648 0.014286 0.023438
2 0.279365 0.227051 0.023810 0.079102
2 0.349206 0.416992 0.080952 0.281250
2 0.422222 0.944336 0.065079 0.035156
2 0.477778 0.523438 0.166667 0.123047
2 0.442063 0.398438 0.060317 0.017578
2 0.592857 0.458008 0.250794 0.507812
2 0.776587 0.944336 0.024603 0.031250
1 0.823016 0.316406 0.015873 0.009766
1 0.857937 0.537109 0.044444 0.044922
0 0.875397 0.260742 0.019048 0.070312
2 0.903175 0.444336 0.061905 0.046875
