1 0.189683 0.916992 0.019048 0.011719
0 0.226587 0.527344 0.029365 0.025391
2 0.247619 0.911133 0.055556 0.066406
1 0.333333 0.726562 0.052381 0.009766
0 0.365079 0.262695 0.074603 0.109375
0 0.481746 0.889648 0.034921 0.039062
0 0.550397 0.875977 0.038889 0.050781
0 0.566667 0.145508 0.049206 0.093750
0 0.746032 0.917969 0.071429 0.044922
2 0.782540 0.300781 0.090476 0.298828
2 0.845238 0.917969 0.146032 0.107422
2 0.845238 0.184570 0.142857 0.128906
0 0.836508 0.515625 0.068254 0.017578
2 0.840476 0.106445 0.050794 0.097656
