1 0.015885 0.264815 0.016146 0.005556
0 0.130990 0.302778 0.016146 0.088889
2 0.495312 0.503704 0.695833 0.375926
2 0.173437 0.544444 0.037500 0.079630
0 0.263542 0.503704 0.044792 0.031481
2 0.416667 0.431481 0.123958 0.064815
1 0.363281 0.757407 0.006771 0.012963
2 0.438542 0.230556 0.069792 0.062963
0 0.442708 0.287037 0.034375 0.038889
0 0.467187 0.973148 0.060417 0.025926
2 0.643229 0.163889 0.137500 0.181481
2 0.727604 0.679630 0.250000 0.242593
2 0.646094 0.802778 0.038021 0.081481
0 0.790104 0.846296 0.020833 0.009259
1 0.885677 0.744444 0.007812 0.024074
0 0.971354 0.277778 0.022917 0.005556
