2 0.113021 0.125926 0.064583 0.127778
2 0.251563 0.236111 0.085417 0.051852
1 0.238542 0.664815 0.013542 0.009259
2 0.283594 0.198148 0.065104 0.172222
1 0.304427 0.025926 0.009896 0.009259
0 0.342708 0.501852 0.013542 0.012963
2 0.353646 0.098148 0.031250 0.083333
0 0.402604 0.954630 0.037500 0.025926
0 0.447917 0.907407 0.040625 0.012963
2 0.575000 0.543519 0.061458 0.096296
2 0.640625 0.707407 0.055208 0.050000
0 0.729688 0.399074 0.025000 0.048148
2 0.828646 0.770370 0.166667 0.220370
0 0.828125 0.198148 0.042708 0.012963
0 0.881771 0.647222 0.033333 0.007407
