0 0.190476 0.471680 0.100000 0.054688
2 0.177778 0.075195 0.039683 0.117188
0 0.251587 0.775391 0.063492 0.056641
2 0.279365 0.160156 0.084127 0.279297
2 0.320635 0.631836 0.150794 0.214844
2 0.284921 0.170898 0.044444 0.078125
2 0.344444 0.330078 0.150794 0.166016
1 0.340476 0.226562 0.009524 0.033203
0 0.426984 0.932617 0.049206 0.054688
2 0.468254 0.921387 0.112698 0.088867
2 0.459524 0.086914 0.057143 0.125000
2 0.511905 0.692383 0.047619 0.113281
0 0.511508 0.122070 0.027778 0.023438
2 0.534921 0.265625 0.061905 0.130859
1 0.587698 0.555664 0.010317 0.019531
0 0.617857 0.951172 0.043651 0.041016
0 0.680159 0.574219 0.060317 0.017578
0 0.865079 0.704102 0.061905 0.058594
