0 0.030990 0.102778 0.027604 0.007407
2 0.030729 0.412037 0.018750 0.048148
2 0.073438 0.380556 0.029167 0.070370
2 0.089063 0.662037 0.054167 0.107407
2 0.102865 0.298148 0.030729 0.064815
2 0.209375 0.676852 0.194792 0.259259
0 0.126042 0.740741 0.023958 0.050000
2 0.179167 0.937963 0.057292 0.114815
2 0.425521 0.543519 0.500000 0.300000
0 0.213021 0.946296 0.012500 0.079630
2 0.289583 0.187037 0.086458 0.135185
2 0.348438 0.631481 0.175000 0.231481
2 0.502604 0.400926 0.250000 0.229630
2 0.821354 0.545370 0.072917 0.074074
0 0.932813 0.418519 0.022917 0.046296
2 0.962240 0.858333 0.038021 0.033333
