0 0.109127 0.812500 0.024603 0.087891
0 0.126984 0.513672 0.026984 0.048828
0 0.169841 0.425781 0.103175 0.087891
2 0.161111 0.941406 0.050794 0.080078
1 0.203968 0.443359 0.009524 0.017578
1 0.254762 0.685547 0.019048 0.025391
2 0.584921 0.749512 0.200000 0.319336
0 0.502778 0.250977 0.018254 0.007812
0 0.563889 0.399414 0.040476 0.042969
0 0.559524 0.427734 0.028571 0.037109
1 0.571825 0.959961 0.030952 0.050781
2 0.611905 0.590820 0.069841 0.113281
2 0.753968 0.375000 0.157143 0.115234
0 0.737302 0.461914 0.053968 0.101562
2 0.780159 0.748047 0.114286 0.060547
2 0.823810 0.865234 0.093651 0.068359
1 0.791667 0.094727 0.023016 0.031250
