1 0.033333 0.551852 0.011458 0.031481
2 0.205729 0.916667 0.091667 0.142593
2 0.227604 0.761111 0.075000 0.124074
2 0.264062 0.598148 0.075000 0.124074
1 0.310417 0.607407 0.019792 0.005556
0 0.398438 0.485185 0.041667 0.012963
0 0.408854 0.739815 0.035417 0.007407
2 0.515625 0.076852 0.084375 0.070370
0 0.587500 0.072222 0.071875 0.012963
2 0.587500 0.528704 0.044792 0.122222
1 0.570312 0.495370 0.004167 0.014815
0 0.720313 0.282407 0.025000 0.048148
0 0.740625 0.704630 0.021875 0.011111
2 0.861979 0.313889 0.239583 0.233333
0 0.782813 0.187963 0.041667 0.007407
0 0.894792 0.786111 0.013542 0.085185
