1 0.027778 0.949219 0.019048 0.017578
2 0.121429 0.347656 0.114286 0.123047
0 0.161905 0.708008 0.084127 0.191406
2 0.169048 0.506836 0.092063 0.050781
2 0.176190 0.538086 0.087302 0.074219
0 0.188095 0.610352 0.034921 0.082031
2 0.204762 0.320312 0.052381 0.083984
2 0.501587 0.184570 0.369841 0.250000
2 0.409524 0.779297 0.185714 0.107422
0 0.375397 0.566406 0.069841 0.064453
0 0.376984 0.478516 0.019048 0.009766
2 0.467857 0.363281 0.118254 0.130859
0 0.463492 0.852539 0.030159 0.046875
0 0.674206 0.781250 0.142063 0.083984
1 0.769841 0.051758 0.014286 0.015625
1 0.851190 0.125977 0.011905 0.035156
