0 0.023438 0.044444 0.033333 0.020370
0 0.104167 0.751852 0.034375 0.012963
2 0.140625 0.628704 0.055208 0.088889
0 0.185417 0.433333 0.009375 0.057407
2 0.353646 0.140741 0.160417 0.046296
0 0.409896 0.950000 0.045833 0.020370
0 0.446875 0.529630 0.026042 0.012963
0 0.470833 0.464815 0.019792 0.009259
0 0.485938 0.784259 0.010417 0.059259
1 0.558854 0.631481 0.008333 0.009259
2 0.704948 0.540741 0.024479 0.053704
0 0.710156 0.593519 0.025521 0.007407
2 0.734115 0.090741 0.024479 0.053704
2 0.854688 0.618519 0.108333 0.161111
1 0.899479 0.405556 0.006250 0.009259
