0 0.269841 0.334961 0.020635 0.019531
2 0.366667 0.717773 0.201587 0.503906
0 0.289683 0.247070 0.038095 0.078125
2 0.500794 0.252930 0.241270 0.117188
0 0.421429 0.580078 0.034921 0.080078
2 0.543651 0.392578 0.152381 0.099609
0 0.597619 0.159180 0.069841 0.027344
2 0.611508 0.378906 0.097619 0.095703
0 0.595238 0.684570 0.033333 0.050781
2 0.623016 0.700195 0.038095 0.113281
1 0.650794 0.016602 0.014286 0.023438
0 0.692063 0.812500 0.093651 0.037109
1 0.666667 0.772461 0.017460 0.015625
1 0.732540 0.291992 0.019048 0.023438
0 0.818254 0.492676 0.069841 0.028320
2 0.911905 0.064453 0.031746 0.021484
1 0.942857 0.138672 0.026984 0.083984
