0 0.086458 0.321296 0.030208 0.014815
0 0.152604 0.775926 0.058333 0.024074
0 0.168750 0.893981 0.011458 0.017593
2 0.220833 0.692593 0.082292 0.083333
0 0.258594 0.637963 0.011979 0.037037
2 0.345573 0.641667 0.104688 0.137037
2 0.477083 0.403704 0.301042 0.294444
0 0.390625 0.781481 0.013542 0.083333
2 0.662500 0.361111 0.115625 0.035185
0 0.690625 0.901852 0.013542 0.038889
2 0.718490 0.078704 0.027604 0.048148
2 0.733854 0.452778 0.033333 0.081481
2 0.740625 0.098148 0.032292 0.120370
0 0.752083 0.074074 0.019792 0.024074
0 0.809896 0.851852 0.020833 0.009259
