0 0.039286 0.527344 0.018254 0.060547
1 0.058730 0.366211 0.030159 0.023438
1 0.100000 0.423828 0.014286 0.017578
1 0.154762 0.820312 0.012698 0.021484
0 0.195238 0.593262 0.033333 0.065430
2 0.278571 0.091797 0.034921 0.146484
0 0.390079 0.410156 0.026190 0.009766
1 0.394444 0.426758 0.031746 0.023438
0 0.391270 0.899414 0.025397 0.042969
0 0.485714 0.943359 0.020635 0.076172
2 0.549206 0.783203 0.096825 0.052734
2 0.671429 0.153320 0.150794 0.183594
0 0.634127 0.167969 0.025397 0.017578
0 0.889683 0.570312 0.053968 0.041016
