0 0.070635 0.543945 0.038095 0.093750
1 0.084127 0.463867 0.014286 0.019531
2 0.170238 0.312500 0.180159 0.162109
1 0.123016 0.518555 0.025397 0.066406
0 0.161905 0.459961 0.087302 0.164062
2 0.155556 0.922852 0.046032 0.089844
1 0.148413 0.225586 0.012698 0.023438
0 0.275000 0.720703 0.027778 0.033203
0 0.316667 0.407227 0.022222 0.140625
0 0.350000 0.515625 0.057143 0.048828
2 0.413492 0.437500 0.095238 0.083984
1 0.551984 0.820312 0.046825 0.044922
0 0.572222 0.569336 0.019048 0.039062
2 0.622619 0.085938 0.011905 0.041016
0 0.788492 0.180664 0.054762 0.054688
0 0.930952 0.882812 0.047619 0.064453
