0 0.076984 0.375977 0.012698 0.019531
1 0.090476 0.148438 0.017460 0.037109
0 0.130952 0.568359 0.060317 0.025391
1 0.183333 0.625977 0.022222 0.027344
2 0.280159 0.741211 0.158730 0.148438
0 0.219841 0.723633 0.028571 0.054688
2 0.364286 0.543457 0.069841 0.063477
1 0.420238 0.837891 0.010317 0.009766
1 0.553968 0.896484 0.007937 0.017578
2 0.716667 0.561523 0.320635 0.078125
1 0.588095 0.698242 0.007937 0.011719
2 0.660317 0.193359 0.033333 0.099609
2 0.678571 0.642578 0.069841 0.052734
2 0.773016 0.746094 0.128571 0.056641
2 0.750000 0.437500 0.069841 0.052734
