0 0.121032 0.812500 0.029365 0.115234
0 0.157937 0.648438 0.076190 0.033203
0 0.220635 0.947266 0.087302 0.041016
2 0.400000 0.358398 0.090476 0.097656
0 0.404762 0.517578 0.087302 0.060547
1 0.394444 0.547852 0.006349 0.011719
0 0.457937 0.625000 0.025397 0.025391
1 0.509524 0.390625 0.014286 0.017578
2 0.762698 0.402344 0.123810 0.123047
0 0.764286 0.540039 0.092063 0.042969
0 0.831746 0.437012 0.119048 0.081055
0 0.802381 0.170898 0.022222 0.039062
0 0.836508 0.550781 0.023810 0.037109
0 0.859921 0.554688 0.019841 0.037109
