0 0.035714 0.846680 0.019048 0.019531
0 0.074603 0.293945 0.036508 0.078125
2 0.106349 0.944336 0.071429 0.046875
2 0.120635 0.492188 0.052381 0.029297
1 0.128968 0.130859 0.037302 0.052734
1 0.319841 0.153320 0.020635 0.078125
0 0.664286 0.134766 0.031746 0.056641
0 0.761905 0.496582 0.128571 0.067383
2 0.719048 0.215820 0.030159 0.105469
0 0.780159 0.782227 0.139683 0.085938
1 0.800794 0.415039 0.031746 0.011719
0 0.855556 0.837891 0.026984 0.041016
0 0.938095 0.169922 0.071429 0.115234
0 0.951587 0.627930 0.041270 0.027344
