0 0.298438 0.587963 0.010417 0.029630
0 0.366667 0.713426 0.032292 0.012037
2 0.467187 0.288889 0.164583 0.272222
2 0.425000 0.369444 0.055208 0.088889
2 0.545573 0.539815 0.031771 0.055556
1 0.550260 0.741667 0.009896 0.007407
0 0.624479 0.512963 0.027083 0.012963
1 0.660937 0.098148 0.014583 0.005556
1 0.695833 0.653704 0.023958 0.005556
0 0.754687 0.143519 0.083333 0.014815
2 0.804167 0.567593 0.026042 0.070370
2 0.821875 0.060185 0.057292 0.092593
0 0.813281 0.083333 0.021354 0.020370
0 0.901302 0.637963 0.026562 0.007407
0 0.970313 0.680556 0.008333 0.033333
