2 0.085677 0.775926 0.035937 0.079630
1 0.265104 0.637037 0.006250 0.009259
0 0.406250 0.662963 0.021875 0.020370
2 0.505208 0.179630 0.080208 0.131481
0 0.509115 0.921296 0.025521 0.007407
2 0.633854 0.925926 0.066667 0.038889
0 0.668229 0.922222 0.031250 0.009259
2 0.674479 0.471296 0.054167 0.048148
0 0.754687 0.757407 0.029167 0.024074
2 0.807813 0.575926 0.041667 0.046296
2 0.848437 0.857407 0.058333 0.057407
0 0.846354 0.396296 0.018750 0.046296
0 0.905208 0.490278 0.030208 0.010185
0 0.920052 0.469444 0.013021 0.074074
