0 0.084127 0.795898 0.017460 0.050781
2 0.146825 0.188477 0.063492 0.078125
0 0.167460 0.257812 0.019048 0.021484
1 0.222222 0.507812 0.026984 0.013672
2 0.438095 0.141602 0.119048 0.210938
0 0.433333 0.674805 0.030159 0.019531
2 0.469841 0.086914 0.026984 0.070312
0 0.573810 0.125000 0.034921 0.076172
0 0.686508 0.831055 0.028571 0.058594
2 0.711905 0.831055 0.034921 0.050781
1 0.755556 0.135742 0.007937 0.039062
0 0.801587 0.399414 0.046032 0.031250
0 0.804365 0.267578 0.040476 0.021484
2 0.906349 0.789062 0.071429 0.142578
2 0.920238 0.587891 0.083333 0.126953
