0 0.065873 0.755859 0.034921 0.064453
0 0.092063 0.698242 0.055556 0.050781
0 0.216667 0.850586 0.139683 0.066406
0 0.184127 0.113281 0.065079 0.025391
0 0.184127 0.560547 0.020635 0.033203
2 0.204762 0.291992 0.020635 0.054688
1 0.267460 0.431641 0.009524 0.013672
0 0.294444 0.766602 0.041270 0.074219
0 0.365873 0.576172 0.136508 0.041016
2 0.326190 0.517578 0.053968 0.123047
0 0.377778 0.296875 0.112698 0.126953
2 0.568254 0.635742 0.204762 0.066406
0 0.480952 0.307617 0.026984 0.085938
2 0.633333 0.815430 0.068254 0.156250
1 0.735714 0.149414 0.044444 0.035156
0 0.758730 0.607422 0.096825 0.072266
1 0.915079 0.783203 0.019048 0.017578
1 0.935714 0.617188 0.019048 0.033203
