2 0.072222 0.548828 0.101587 0.228516
2 0.228968 0.148926 0.072222 0.067383
1 0.232540 0.514648 0.031746 0.015625
2 0.480952 0.476562 0.474603 0.404297
2 0.399206 0.282227 0.231746 0.140625
2 0.421032 0.284180 0.110317 0.109375
0 0.454762 0.268555 0.063492 0.027344
2 0.510317 0.636719 0.031746 0.115234
2 0.523016 0.108398 0.066667 0.062500
2 0.561905 0.672852 0.049206 0.039062
2 0.730159 0.804688 0.261905 0.134766
0 0.667460 0.531250 0.009524 0.013672
2 0.777778 0.073242 0.049206 0.058594
0 0.781746 0.881348 0.050794 0.047852
1 0.833730 0.093750 0.013492 0.017578
0 0.908333 0.388672 0.065873 0.041016
