2 0.221429 0.635742 0.361905 0.250000
0 0.124603 0.285156 0.009524 0.021484
0 0.309524 0.604492 0.014286 0.027344
0 0.363492 0.668457 0.014286 0.008789
0 0.391667 0.636230 0.042063 0.041992
1 0.480952 0.132812 0.017460 0.017578
2 0.600794 0.395508 0.228571 0.167969
0 0.551587 0.136719 0.022222 0.037109
1 0.640873 0.213867 0.056349 0.050781
2 0.740476 0.462891 0.095238 0.041016
2 0.809524 0.709961 0.093651 0.082031
0 0.811111 0.509766 0.042857 0.095703
0 0.808730 0.825195 0.028571 0.093750
1 0.836508 0.825195 0.011111 0.011719
0 0.890476 0.373047 0.026984 0.017578
0 0.894048 0.731445 0.021429 0.105469
