2 0.151190 0.209961 0.100794 0.062500
2 0.295238 0.655273 0.236508 0.144531
0 0.223016 0.832031 0.057143 0.025391
2 0.244444 0.803711 0.052381 0.066406
0 0.287302 0.329102 0.046032 0.042969
2 0.552381 0.365234 0.287302 0.369141
2 0.454762 0.699707 0.053968 0.079102
2 0.496825 0.738281 0.128571 0.056641
1 0.475397 0.453125 0.073016 0.029297
2 0.536508 0.230469 0.046032 0.056641
1 0.528571 0.606445 0.030159 0.082031
0 0.569048 0.253906 0.041270 0.017578
0 0.707937 0.314453 0.011111 0.025391
2 0.831746 0.449219 0.160317 0.123047
2 0.812698 0.560547 0.042857 0.072266
0 0.920635 0.626953 0.011111 0.021484
