0 0.090625 0.711111 0.026042 0.012963
0 0.096354 0.382870 0.035417 0.013889
1 0.098958 0.562037 0.009375 0.014815
0 0.160938 0.387037 0.010417 0.009259
2 0.405208 0.613889 0.153125 0.081481
2 0.507292 0.356481 0.263542 0.440741
1 0.410417 0.413889 0.034375 0.011111
2 0.488802 0.482407 0.033854 0.074074
2 0.631771 0.075000 0.047917 0.048148
1 0.648958 0.938889 0.007292 0.012963
2 0.868229 0.946296 0.066667 0.035185
2 0.869531 0.872222 0.044271 0.024074
1 0.887500 0.924074 0.013542 0.009259
1 0.902604 0.938889 0.008333 0.016667
