1 0.021094 0.118056 0.005729 0.010185
0 0.034896 0.123148 0.025000 0.011111
1 0.050521 0.194444 0.010417 0.020370
0 0.147917 0.129167 0.007292 0.010185
0 0.170833 0.126852 0.030208 0.029630
2 0.258854 0.881481 0.083333 0.061111
2 0.387500 0.697222 0.217708 0.366667
2 0.334896 0.696296 0.085417 0.050000
2 0.485938 0.205556 0.054167 0.046296
2 0.499479 0.515741 0.075000 0.044444
2 0.560937 0.925000 0.093750 0.048148
2 0.776042 0.249074 0.061458 0.033333
0 0.816667 0.251852 0.023958 0.005556
0 0.895312 0.589815 0.008333 0.044444
0 0.926042 0.447222 0.032292 0.007407
