2 0.027344 0.479630 0.040104 0.083333
2 0.104167 0.338889 0.032292 0.116667
2 0.258854 0.696296 0.254167 0.250000
1 0.154167 0.217593 0.021875 0.007407
0 0.253125 0.393519 0.017708 0.014815
1 0.312500 0.982407 0.007292 0.011111
0 0.365104 0.158333 0.029167 0.014815
2 0.448958 0.807407 0.094792 0.072222
2 0.445312 0.938889 0.039583 0.079630
0 0.642188 0.649074 0.016667 0.040741
2 0.682292 0.250000 0.092708 0.053704
1 0.643750 0.644444 0.013542 0.020370
2 0.723177 0.213889 0.025521 0.055556
0 0.751563 0.044444 0.018750 0.005556
1 0.754427 0.131481 0.005729 0.012963
0 0.822917 0.661111 0.013542 0.038889
0 0.981250 0.103704 0.013542 0.012963
