0 0.066667 0.178711 0.020635 0.027344
2 0.156349 0.159180 0.088889 0.070312
2 0.339683 0.385742 0.439683 0.460938
1 0.436508 0.531250 0.030159 0.025391
1 0.444048 0.708008 0.019841 0.003906
2 0.455159 0.616211 0.037302 0.062500
1 0.447619 0.629883 0.014286 0.027344
2 0.508730 0.805664 0.085714 0.171875
2 0.578571 0.649414 0.180952 0.316406
1 0.510317 0.193359 0.025397 0.029297
0 0.537302 0.895508 0.038095 0.035156
2 0.594444 0.124023 0.079365 0.058594
0 0.583333 0.506836 0.044444 0.042969
2 0.633333 0.440430 0.065079 0.117188
1 0.760317 0.647949 0.084127 0.034180
2 0.749206 0.943359 0.052381 0.072266
0 0.766667 0.728516 0.068254 0.056641
1 0.798016 0.815430 0.037302 0.050781
0 0.900000 0.588867 0.030159 0.019531
0 0.943651 0.087891 0.050794 0.044922
