2 0.049206 0.527344 0.026984 0.095703
0 0.060317 0.608398 0.046032 0.085938
1 0.147619 0.166992 0.011111 0.035156
0 0.219048 0.340820 0.033333 0.089844
0 0.249206 0.553711 0.036508 0.046875
1 0.254762 0.189453 0.019048 0.029297
2 0.319841 0.533203 0.126984 0.123047
1 0.288889 0.654297 0.036508 0.017578
2 0.515079 0.452148 0.361905 0.445312
0 0.352381 0.280273 0.020635 0.066406
1 0.426984 0.637695 0.014286 0.015625
1 0.528571 0.368164 0.026984 0.027344
2 0.551587 0.795898 0.057143 0.035156
0 0.653968 0.909180 0.058730 0.042969
0 0.641667 0.479492 0.011905 0.027344
1 0.720635 0.952148 0.058730 0.039062
0 0.795635 0.928711 0.051587 0.070312
0 0.821429 0.542969 0.022222 0.021484
0 0.860317 0.803711 0.039683 0.019531
