2 0.404687 0.531481 0.785417 0.468519
1 0.021875 0.542593 0.013542 0.009259
1 0.029427 0.312037 0.011979 0.007407
0 0.050521 0.961111 0.022917 0.009259
1 0.157552 0.243519 0.009896 0.007407
0 0.181250 0.234259 0.030208 0.059259
1 0.206510 0.743519 0.011979 0.007407
2 0.389062 0.149074 0.279167 0.274074
2 0.289323 0.362037 0.044271 0.018519
2 0.526563 0.496296 0.437500 0.287037
2 0.696875 0.754630 0.213542 0.211111
1 0.653385 0.402778 0.011979 0.007407
0 0.854688 0.393519 0.016667 0.040741
1 0.956250 0.450000 0.026042 0.009259
