2 0.071429 0.488281 0.080952 0.095703
0 0.080952 0.274414 0.071429 0.035156
1 0.140476 0.890137 0.034921 0.030273
2 0.220635 0.205078 0.176190 0.298828
0 0.215079 0.671875 0.152381 0.044922
2 0.225397 0.565430 0.112698 0.085938
1 0.355556 0.570312 0.017460 0.017578
1 0.440476 0.793945 0.022222 0.050781
2 0.535714 0.099609 0.076190 0.162109
2 0.597619 0.833008 0.155556 0.117188
1 0.570635 0.016602 0.031746 0.015625
0 0.618254 0.571289 0.060317 0.058594
0 0.628571 0.713867 0.026984 0.070312
0 0.634921 0.684570 0.036508 0.074219
1 0.790476 0.320312 0.014286 0.044922
2 0.865873 0.254883 0.053968 0.101562
0 0.892063 0.645508 0.065079 0.046875
