0 0.041667 0.633333 0.017708 0.016667
2 0.064062 0.826852 0.062500 0.062963
0 0.093750 0.861111 0.028125 0.016667
2 0.398958 0.795370 0.090625 0.051852
1 0.423698 0.975000 0.008854 0.007407
2 0.467969 0.337963 0.061979 0.033333
0 0.489063 0.488889 0.041667 0.012963
2 0.528385 0.105556 0.035937 0.098148
1 0.569792 0.512963 0.034375 0.009259
0 0.629687 0.553704 0.029167 0.057407
1 0.821354 0.610185 0.008333 0.007407
2 0.920833 0.367593 0.063542 0.222222
0 0.905729 0.146296 0.016667 0.009259
1 0.910417 0.883333 0.007292 0.009259
