1 0.084127 0.611328 0.030159 0.048828
1 0.189683 0.910156 0.012698 0.013672
0 0.270635 0.615234 0.047619 0.076172
0 0.307937 0.333008 0.039683 0.089844
1 0.317460 0.391602 0.017460 0.082031
2 0.415873 0.700195 0.157143 0.164062
2 0.400000 0.658203 0.049206 0.056641
2 0.406349 0.185547 0.052381 0.033203
0 0.415873 0.874023 0.042857 0.078125
1 0.494841 0.923828 0.011905 0.021484
0 0.541270 0.166992 0.090476 0.093750
0 0.592857 0.089844 0.050794 0.029297
2 0.683333 0.819336 0.057143 0.039062
0 0.700794 0.342773 0.009524 0.042969
0 0.721429 0.188477 0.034921 0.011719
2 0.857143 0.188477 0.192063 0.093750
0 0.840476 0.413086 0.073016 0.050781
0 0.826984 0.359375 0.042857 0.033203
1 0.935714 0.528320 0.019048 0.007812
