1 0.125000 0.833008 0.038889 0.062500
2 0.384127 0.474609 0.528571 0.501953
2 0.207937 0.588867 0.061905 0.089844
1 0.267460 0.665039 0.025397 0.074219
2 0.284127 0.587891 0.033333 0.064453
1 0.348413 0.754395 0.022222 0.008789
0 0.458730 0.256836 0.058730 0.039062
0 0.461905 0.229492 0.020635 0.042969
0 0.557143 0.753906 0.011111 0.052734
1 0.677381 0.356445 0.035714 0.011719
2 0.688095 0.105469 0.050794 0.158203
1 0.723810 0.764648 0.017460 0.015625
0 0.816667 0.238281 0.060317 0.099609
2 0.876190 0.091797 0.049206 0.087891
1 0.981746 0.956055 0.012698 0.011719
