0 0.021875 0.283333 0.009375 0.027778
1 0.021615 0.212037 0.006771 0.011111
2 0.063021 0.233333 0.081250 0.279630
2 0.036458 0.179630 0.013542 0.027778
0 0.057552 0.896296 0.021354 0.027778
0 0.208594 0.615741 0.026562 0.007407
2 0.236979 0.637963 0.018750 0.048148
0 0.345833 0.578704 0.053125 0.025926
2 0.491146 0.272222 0.033333 0.079630
0 0.514583 0.438889 0.013542 0.038889
0 0.588542 0.711111 0.051042 0.024074
0 0.605208 0.953704 0.034375 0.012963
2 0.613021 0.058333 0.018750 0.044444
0 0.710938 0.737037 0.014583 0.012963
2 0.921875 0.821296 0.061458 0.122222
0 0.925260 0.941667 0.017188 0.096296
1 0.948177 0.632407 0.009896 0.007407
