2 0.247917 0.424074 0.034375 0.083333
2 0.301563 0.917593 0.050000 0.048148
2 0.497917 0.719444 0.242708 0.311111
0 0.400521 0.152778 0.006250 0.033333
2 0.555208 0.488889 0.301042 0.294444
1 0.418750 0.741667 0.005208 0.014815
0 0.436458 0.644444 0.019792 0.057407
2 0.456250 0.784259 0.061458 0.214815
0 0.610938 0.887037 0.033333 0.042593
0 0.676562 0.046296 0.018750 0.016667
0 0.721354 0.940741 0.033333 0.027778
0 0.790625 0.862963 0.040625 0.016667
2 0.935156 0.513889 0.028646 0.037037
0 0.950000 0.075000 0.015625 0.029630
