0 0.087302 0.657227 0.026984 0.035156
0 0.107540 0.916016 0.034127 0.033203
0 0.269048 0.175781 0.028571 0.044922
2 0.312698 0.161133 0.061905 0.066406
2 0.338889 0.880859 0.095238 0.064453
1 0.331746 0.615234 0.011111 0.009766
0 0.423810 0.539062 0.042857 0.025391
0 0.419841 0.061523 0.015873 0.023438
0 0.442857 0.348633 0.052381 0.132812
0 0.432143 0.338867 0.024603 0.058594
1 0.600794 0.072266 0.012698 0.021484
0 0.686111 0.723633 0.037302 0.089844
0 0.879365 0.684570 0.055556 0.039062
1 0.961905 0.570312 0.030159 0.021484
