2 0.230159 0.703125 0.157143 0.181641
1 0.214286 0.711914 0.011111 0.015625
2 0.315873 0.776367 0.087302 0.089844
2 0.545238 0.618164 0.450794 0.273438
0 0.579365 0.532227 0.103175 0.046875
1 0.546032 0.423828 0.017460 0.013672
1 0.673016 0.492188 0.020635 0.017578
2 0.759524 0.482422 0.247619 0.537109
0 0.656349 0.351074 0.015873 0.030273
1 0.700794 0.704102 0.079365 0.039062
1 0.682540 0.626953 0.026984 0.029297
2 0.728571 0.407227 0.049206 0.070312
1 0.708730 0.718750 0.009524 0.017578
0 0.744444 0.817383 0.026984 0.113281
2 0.884921 0.765625 0.050794 0.080078
1 0.918254 0.929688 0.028571 0.033203
1 0.921825 0.911133 0.019841 0.007812
