2 0.181771 0.467593 0.045833 0.044444
2 0.246875 0.483333 0.071875 0.042593
2 0.302083 0.718519 0.109375 0.031481
2 0.384375 0.306481 0.207292 0.203704
2 0.402083 0.572222 0.186458 0.183333
1 0.347917 0.835185 0.009375 0.020370
2 0.501042 0.304630 0.140625 0.137037
2 0.481250 0.221296 0.044792 0.044444
2 0.493229 0.721296 0.064583 0.214815
2 0.512240 0.710185 0.021354 0.037037
0 0.597917 0.729630 0.021875 0.009259
2 0.732292 0.927778 0.017708 0.053704
0 0.759896 0.940741 0.027083 0.053704
0 0.864583 0.435185 0.011458 0.057407
