1 0.032540 0.925781 0.022222 0.041016
2 0.081746 0.150391 0.060317 0.029297
0 0.132937 0.287109 0.046825 0.083984
2 0.309524 0.065430 0.087302 0.082031
1 0.284127 0.376953 0.036508 0.080078
1 0.357143 0.492188 0.020635 0.033203
2 0.513492 0.446289 0.320635 0.738281
1 0.361111 0.759766 0.015873 0.021484
2 0.396032 0.465820 0.063492 0.171875
0 0.454762 0.892578 0.073016 0.064453
1 0.572222 0.447266 0.095238 0.068359
2 0.504762 0.429688 0.026984 0.068359
1 0.535714 0.955078 0.015873 0.033203
0 0.567460 0.445312 0.015873 0.029297
1 0.692063 0.154297 0.017460 0.017578
1 0.720635 0.387695 0.023810 0.027344
0 0.736508 0.763672 0.014286 0.029297
1 0.753175 0.743164 0.015873 0.066406
