2 0.204762 0.743164 0.315873 0.328125
0 0.148413 0.526367 0.028571 0.078125
1 0.157143 0.737305 0.017460 0.019531
2 0.199206 0.175781 0.073016 0.064453
0 0.229365 0.266602 0.053968 0.109375
2 0.284127 0.701172 0.084127 0.083984
2 0.292063 0.361328 0.052381 0.099609
2 0.340873 0.375000 0.064286 0.107422
0 0.534921 0.732422 0.033333 0.060547
2 0.666667 0.424805 0.271429 0.453125
1 0.546032 0.645508 0.014286 0.027344
2 0.625000 0.417969 0.092857 0.119141
1 0.596825 0.203125 0.017460 0.013672
1 0.597619 0.687500 0.025397 0.021484
2 0.696825 0.390625 0.188889 0.466797
