1 0.028175 0.838867 0.032540 0.027344
0 0.068254 0.295898 0.055556 0.039062
2 0.225397 0.254883 0.061905 0.031250
0 0.264286 0.067383 0.014286 0.042969
2 0.288889 0.695312 0.046032 0.056641
0 0.376190 0.528320 0.055556 0.058594
1 0.507143 0.887695 0.038095 0.097656
0 0.607143 0.385742 0.057143 0.039062
1 0.652381 0.620117 0.036508 0.027344
0 0.721429 0.547852 0.012698 0.027344
2 0.734127 0.143555 0.047619 0.175781
0 0.765079 0.385742 0.052381 0.042969
2 0.796032 0.314453 0.050794 0.146484
0 0.852381 0.268555 0.033333 0.046875
0 0.958730 0.841797 0.042857 0.044922
