2 0.097396 0.396296 0.150000 0.042593
0 0.130208 0.139815 0.023958 0.022222
0 0.161198 0.264815 0.023438 0.005556
0 0.200521 0.399537 0.037500 0.010185
1 0.190625 0.661111 0.007292 0.005556
0 0.209375 0.288889 0.038542 0.016667
1 0.249740 0.726852 0.010937 0.007407
2 0.346354 0.350000 0.168750 0.164815
0 0.326823 0.529630 0.065104 0.027778
0 0.394271 0.290278 0.033333 0.013889
2 0.626563 0.554630 0.279167 0.274074
0 0.548958 0.158333 0.011458 0.011111
2 0.666667 0.531481 0.040625 0.109259
0 0.694271 0.072222 0.029167 0.016667
0 0.840625 0.757407 0.011458 0.072222
