0 0.034921 0.039062 0.030159 0.029297
1 0.047619 0.951172 0.017460 0.021484
0 0.080159 0.820312 0.057143 0.048828
2 0.211905 0.526367 0.238095 0.234375
2 0.316667 0.669922 0.374603 0.197266
2 0.280159 0.102539 0.120635 0.058594
2 0.264286 0.125977 0.031746 0.019531
0 0.255556 0.933594 0.033333 0.025391
2 0.383333 0.360352 0.206349 0.324219
2 0.377778 0.460938 0.046032 0.017578
2 0.403175 0.418945 0.046032 0.156250
1 0.435714 0.941406 0.015873 0.033203
1 0.792460 0.464844 0.011905 0.017578
2 0.898413 0.324219 0.058730 0.099609
