0 0.072396 0.161111 0.012500 0.061111
0 0.108333 0.669444 0.021875 0.018519
2 0.236458 0.771296 0.190625 0.248148
0 0.180208 0.150926 0.030208 0.018519
2 0.181250 0.269444 0.030208 0.088889
1 0.219271 0.821296 0.027083 0.007407
1 0.422135 0.281481 0.005729 0.012963
2 0.485938 0.452778 0.070833 0.059259
2 0.499479 0.146296 0.031250 0.042593
0 0.509375 0.901852 0.026042 0.009259
0 0.528125 0.223148 0.038542 0.022222
0 0.682292 0.124074 0.023958 0.009259
0 0.689583 0.586111 0.034375 0.022222
0 0.740625 0.259259 0.023958 0.012963
2 0.842969 0.385185 0.068229 0.035185
2 0.981771 0.522222 0.022917 0.057407
