2 0.089683 0.286133 0.152381 0.101562
2 0.072619 0.177734 0.043651 0.048828
2 0.198413 0.078125 0.131746 0.111328
0 0.186508 0.064453 0.079365 0.029297
2 0.196032 0.548828 0.038095 0.044922
0 0.254762 0.777344 0.019048 0.021484
1 0.451587 0.262695 0.057143 0.136719
0 0.507143 0.036133 0.041270 0.019531
0 0.558333 0.151367 0.016667 0.054688
0 0.680159 0.566406 0.031746 0.064453
1 0.692460 0.940430 0.008730 0.011719
1 0.750000 0.340820 0.015873 0.015625
2 0.820635 0.621094 0.147619 0.060547
1 0.859127 0.479492 0.050000 0.011719
