2 0.108730 0.126953 0.053968 0.126953
2 0.250000 0.505859 0.136508 0.267578
0 0.384127 0.771484 0.028571 0.064453
1 0.424603 0.726562 0.044444 0.044922
1 0.496032 0.706055 0.038095 0.015625
2 0.540476 0.514648 0.060317 0.046875
0 0.548016 0.345703 0.021429 0.029297
1 0.572222 0.291016 0.034921 0.072266
1 0.732937 0.792480 0.035714 0.041992
1 0.751587 0.892578 0.009524 0.009766
2 0.817460 0.204102 0.061905 0.042969
2 0.861905 0.356445 0.052381 0.085938
0 0.940476 0.117188 0.028571 0.009766
1 0.934921 0.968750 0.007937 0.017578
