2 0.076042 0.375926 0.051042 0.083333
2 0.237500 0.295370 0.092708 0.137037
2 0.311458 0.605556 0.188542 0.183333
2 0.278125 0.578704 0.073958 0.251852
0 0.256771 0.017593 0.012500 0.011111
2 0.267188 0.286111 0.031250 0.074074
2 0.555729 0.337037 0.202083 0.198148
2 0.540625 0.291667 0.048958 0.044444
0 0.575521 0.069444 0.031250 0.018519
2 0.606771 0.489815 0.062500 0.062963
0 0.680729 0.778704 0.037500 0.018519
0 0.764583 0.554630 0.021875 0.011111
0 0.857812 0.187500 0.010417 0.015741
0 0.862500 0.445370 0.011458 0.011111
2 0.923958 0.598148 0.048958 0.075926
