1 0.166927 0.950926 0.009896 0.007407
0 0.204687 0.506481 0.008333 0.007407
1 0.225781 0.695370 0.006771 0.014815
1 0.240104 0.146296 0.033333 0.009259
2 0.419271 0.133333 0.079167 0.064815
2 0.477344 0.740741 0.088021 0.046296
1 0.489844 0.281481 0.007812 0.005556
0 0.558594 0.575926 0.021354 0.027778
2 0.622396 0.400926 0.056250 0.051852
2 0.651563 0.787037 0.043750 0.075926
0 0.744531 0.191667 0.007812 0.014815
2 0.772917 0.493519 0.021875 0.048148
0 0.798438 0.271296 0.008333 0.029630
0 0.896875 0.162963 0.034375 0.042593
