0 0.051587 0.494141 0.047619 0.029297
1 0.088095 0.107422 0.006349 0.021484
2 0.367460 0.689453 0.088889 0.048828
1 0.382540 0.309570 0.011111 0.011719
0 0.397619 0.691406 0.025397 0.037109
0 0.469841 0.216309 0.017460 0.026367
0 0.611905 0.416992 0.028571 0.046875
0 0.675397 0.708984 0.028571 0.099609
0 0.711111 0.888672 0.030159 0.013672
1 0.719444 0.135742 0.011905 0.046875
2 0.750794 0.748047 0.042857 0.130859
1 0.838889 0.458008 0.009524 0.011719
2 0.929365 0.547852 0.076190 0.117188
2 0.933333 0.128906 0.055556 0.076172
0 0.943651 0.382812 0.012698 0.025391
