1 0.115873 0.916016 0.011111 0.017578
2 0.161111 0.650391 0.092063 0.119141
0 0.219048 0.684570 0.058730 0.093750
0 0.398016 0.644531 0.011905 0.048828
0 0.450794 0.032227 0.065079 0.019531
0 0.437302 0.542969 0.022222 0.083984
2 0.544444 0.893555 0.096825 0.062500
0 0.515873 0.831055 0.030159 0.027344
1 0.514286 0.213867 0.017460 0.015625
1 0.604762 0.862305 0.023810 0.011719
0 0.670635 0.310547 0.047619 0.013672
1 0.668254 0.243164 0.014286 0.031250
2 0.823016 0.496094 0.219048 0.517578
0 0.779365 0.242188 0.049206 0.126953
2 0.879365 0.616211 0.087302 0.070312
0 0.942857 0.671875 0.046032 0.021484
0 0.951587 0.586914 0.025397 0.058594
