0 0.123810 0.318359 0.033333 0.044922
2 0.376984 0.146484 0.066667 0.115234
0 0.480952 0.282227 0.061905 0.113281
2 0.524206 0.262695 0.083333 0.097656
1 0.524603 0.494141 0.015873 0.017578
1 0.637302 0.126953 0.028571 0.033203
0 0.680159 0.567383 0.057143 0.164062
1 0.709524 0.130859 0.017460 0.052734
1 0.723016 0.273438 0.022222 0.013672
2 0.751587 0.318359 0.066667 0.134766
2 0.821429 0.946289 0.161905 0.058594
0 0.784524 0.396484 0.029365 0.080078
0 0.787698 0.472656 0.034127 0.056641
2 0.887302 0.759766 0.134921 0.138672
