1 0.041146 0.472222 0.008333 0.009259
2 0.143229 0.588889 0.027083 0.101852
0 0.203385 0.600926 0.019271 0.107407
2 0.274219 0.072222 0.053646 0.027778
0 0.383333 0.405556 0.011458 0.064815
0 0.409375 0.719444 0.053125 0.037037
0 0.410156 0.208333 0.039062 0.011111
2 0.463542 0.091667 0.026042 0.077778
0 0.477083 0.510185 0.021875 0.011111
1 0.489323 0.884722 0.006771 0.010185
2 0.506250 0.534259 0.036458 0.137037
2 0.579427 0.293519 0.070312 0.037037
2 0.622396 0.815741 0.093750 0.144444
0 0.894792 0.586111 0.061458 0.025926
1 0.901042 0.806481 0.007292 0.022222
1 0.910156 0.369444 0.013021 0.003704
