1 0.033333 0.873047 0.017460 0.037109
2 0.091270 0.277344 0.076190 0.146484
0 0.167460 0.193359 0.047619 0.021484
0 0.213492 0.431641 0.057143 0.080078
0 0.218254 0.728516 0.031746 0.029297
0 0.525397 0.442383 0.030159 0.164062
0 0.590476 0.157227 0.068254 0.015625
2 0.708730 0.184570 0.104762 0.187500
0 0.764286 0.238281 0.022222 0.048828
2 0.823810 0.507812 0.052381 0.123047
0 0.834127 0.072266 0.053968 0.072266
2 0.886508 0.758789 0.095238 0.097656
0 0.863492 0.465820 0.020635 0.097656
1 0.936508 0.909180 0.014286 0.019531
