0 0.049479 0.297222 0.029167 0.033333
2 0.091667 0.192593 0.107292 0.031481
2 0.111979 0.183333 0.106250 0.079630
1 0.086979 0.935185 0.010417 0.016667
0 0.133073 0.591667 0.035937 0.018519
0 0.373698 0.168519 0.011979 0.072222
1 0.375521 0.271296 0.004167 0.014815
2 0.473438 0.506481 0.035417 0.048148
0 0.476042 0.651852 0.038542 0.009259
1 0.575781 0.947222 0.010937 0.007407
1 0.602083 0.604167 0.007292 0.012037
2 0.805469 0.575926 0.040104 0.083333
0 0.843490 0.054630 0.063021 0.025926
0 0.821875 0.348148 0.021875 0.009259
0 0.920833 0.699074 0.019792 0.048148
