0 0.046354 0.276852 0.025000 0.048148
0 0.063542 0.260185 0.051042 0.033333
2 0.099219 0.517593 0.025521 0.055556
1 0.096875 0.322222 0.011458 0.024074
2 0.143229 0.688889 0.031250 0.116667
2 0.295833 0.493519 0.078125 0.059259
1 0.269271 0.909259 0.025000 0.009259
0 0.285417 0.870370 0.011458 0.072222
1 0.342187 0.300926 0.027083 0.007407
2 0.348698 0.184259 0.025521 0.044444
2 0.472135 0.600000 0.053646 0.027778
2 0.585417 0.833333 0.073958 0.075926
2 0.651042 0.108333 0.044792 0.122222
0 0.834896 0.799074 0.025000 0.048148
1 0.909375 0.510185 0.007292 0.022222
