2 0.067187 0.050926 0.112500 0.033333
1 0.055729 0.128704 0.004167 0.018519
2 0.091406 0.779630 0.015104 0.042593
1 0.128125 0.315741 0.011458 0.007407
2 0.208333 0.713889 0.132292 0.174074
1 0.161458 0.223148 0.009375 0.018519
2 0.306250 0.793519 0.053125 0.029630
1 0.375521 0.275926 0.027083 0.009259
0 0.370833 0.786111 0.013542 0.033333
2 0.429688 0.486111 0.097917 0.081481
1 0.547917 0.394444 0.019792 0.005556
2 0.726042 0.754630 0.232292 0.225926
2 0.796354 0.709259 0.016667 0.027778
2 0.959375 0.129630 0.059375 0.050000
0 0.947656 0.360185 0.004687 0.022222
