0 0.092063 0.094727 0.036508 0.050781
2 0.361905 0.482910 0.046032 0.125977
1 0.362698 0.377930 0.012698 0.015625
0 0.432540 0.095703 0.060317 0.064453
0 0.529365 0.706055 0.019048 0.058594
2 0.605556 0.768555 0.076190 0.078125
1 0.595238 0.195312 0.020635 0.103516
0 0.645238 0.605469 0.044444 0.076172
2 0.690476 0.612305 0.103175 0.136719
2 0.696825 0.177734 0.074603 0.091797
1 0.695238 0.104492 0.014286 0.011719
2 0.786508 0.760742 0.066667 0.070312
2 0.801587 0.588867 0.052381 0.085938
2 0.820635 0.439453 0.087302 0.087891
