1 0.017448 0.776852 0.015104 0.022222
2 0.125000 0.112963 0.096875 0.050000
2 0.186458 0.072222 0.069792 0.072222
0 0.182812 0.037963 0.041667 0.018519
0 0.310417 0.562037 0.019792 0.037037
2 0.461979 0.160185 0.062500 0.062963
0 0.504167 0.949074 0.007292 0.033333
1 0.530469 0.309259 0.007812 0.024074
1 0.628125 0.363889 0.005208 0.018519
2 0.745833 0.232407 0.198958 0.259259
0 0.723958 0.512037 0.067708 0.011111
1 0.846875 0.982407 0.007292 0.011111
2 0.944271 0.754630 0.072917 0.074074
1 0.924479 0.139815 0.008333 0.007407
