1 0.044444 0.328125 0.020635 0.017578
2 0.140476 0.287109 0.053968 0.068359
1 0.216270 0.939453 0.015079 0.009766
2 0.367460 0.189453 0.066667 0.087891
1 0.345238 0.883789 0.022222 0.019531
1 0.389683 0.707031 0.034921 0.037109
2 0.406349 0.135742 0.052381 0.152344
0 0.459524 0.260742 0.031746 0.042969
0 0.561111 0.841309 0.050794 0.018555
2 0.592857 0.873047 0.098413 0.064453
1 0.666667 0.728516 0.204762 0.326172
1 0.685714 0.120117 0.122222 0.164062
1 0.703968 0.322266 0.028571 0.025391
2 0.779365 0.562500 0.160317 0.154297
0 0.775397 0.101562 0.031746 0.044922
0 0.950000 0.138672 0.025397 0.087891
