0 0.021429 0.823242 0.031746 0.031250
2 0.093651 0.754883 0.122222 0.218750
2 0.053968 0.198242 0.023810 0.066406
1 0.080159 0.964844 0.009524 0.013672
0 0.208730 0.084961 0.069841 0.031250
1 0.238095 0.424805 0.017460 0.011719
1 0.417460 0.700195 0.026984 0.011719
2 0.546032 0.388672 0.176190 0.166016
2 0.565079 0.196289 0.039683 0.062500
2 0.694444 0.723633 0.177778 0.167969
0 0.634127 0.857422 0.034921 0.048828
2 0.690476 0.319336 0.080952 0.167969
1 0.771429 0.595703 0.049206 0.123047
2 0.773016 0.668945 0.061905 0.140625
0 0.797619 0.477539 0.107937 0.050781
1 0.756349 0.191406 0.006349 0.029297
0 0.813492 0.745117 0.025397 0.050781
