0 0.096825 0.617188 0.046032 0.037109
2 0.268254 0.542969 0.052381 0.146484
2 0.314286 0.759766 0.134921 0.177734
1 0.303968 0.319336 0.012698 0.015625
1 0.364286 0.865234 0.073016 0.158203
2 0.383333 0.622070 0.069841 0.121094
1 0.408730 0.422852 0.015873 0.031250
2 0.442857 0.485352 0.065079 0.121094
2 0.533333 0.366211 0.192063 0.070312
0 0.525794 0.927734 0.043651 0.095703
2 0.588095 0.633789 0.136508 0.160156
2 0.685714 0.827148 0.176190 0.203125
2 0.661905 0.673828 0.052381 0.111328
1 0.647222 0.957031 0.010317 0.029297
0 0.692063 0.491211 0.030159 0.035156
2 0.769841 0.520508 0.141270 0.355469
