0 0.099206 0.329102 0.063492 0.023438
0 0.121429 0.296875 0.066667 0.021484
1 0.095635 0.947266 0.007143 0.021484
1 0.110317 0.107422 0.012698 0.017578
2 0.215873 0.784180 0.052381 0.039062
1 0.254762 0.125000 0.022222 0.025391
0 0.438889 0.279297 0.038095 0.029297
0 0.592857 0.318359 0.104762 0.037109
2 0.681746 0.694336 0.206349 0.105469
2 0.678571 0.236328 0.187302 0.212891
1 0.703968 0.408203 0.025397 0.025391
2 0.782540 0.806641 0.173016 0.146484
0 0.756746 0.277344 0.026190 0.029297
1 0.909524 0.153320 0.020635 0.011719
2 0.915079 0.806641 0.031746 0.091797
