2 0.133333 0.557617 0.169841 0.144531
0 0.198413 0.171875 0.030159 0.033203
0 0.272222 0.775391 0.060317 0.044922
0 0.332540 0.053711 0.034921 0.058594
0 0.346825 0.729492 0.034921 0.027344
0 0.429365 0.149414 0.066667 0.031250
2 0.507937 0.647461 0.134921 0.289062
0 0.525397 0.179688 0.090476 0.087891
1 0.680952 0.467773 0.131746 0.085938
1 0.613492 0.804688 0.034921 0.013672
1 0.606349 0.135742 0.017460 0.058594
1 0.659524 0.322266 0.053968 0.017578
0 0.728968 0.331055 0.059524 0.027344
0 0.733730 0.143555 0.027778 0.050781
2 0.780952 0.469727 0.058730 0.226562
2 0.848016 0.702148 0.070635 0.117188
0 0.874206 0.475586 0.035714 0.062500
1 0.897619 0.722656 0.015873 0.021484
