2 0.088542 0.701852 0.053125 0.083333
0 0.074219 0.815741 0.011979 0.037037
0 0.077604 0.061111 0.008333 0.038889
1 0.156250 0.730556 0.007292 0.022222
2 0.323437 0.523148 0.137500 0.181481
2 0.485417 0.327778 0.094792 0.072222
0 0.472396 0.456481 0.041667 0.051852
1 0.500000 0.049074 0.009375 0.018519
2 0.561979 0.645370 0.022917 0.059259
2 0.656250 0.800926 0.076042 0.085185
0 0.667708 0.501852 0.017708 0.050000
0 0.716667 0.529630 0.042708 0.027778
1 0.792188 0.205556 0.004167 0.016667
1 0.807813 0.929630 0.006250 0.020370
2 0.891146 0.774074 0.018750 0.057407
