0 0.099206 0.383789 0.022222 0.082031
1 0.119048 0.685547 0.020635 0.041016
2 0.157937 0.221680 0.041270 0.152344
1 0.272619 0.238281 0.032540 0.048828
2 0.356349 0.352539 0.107937 0.089844
2 0.372222 0.719727 0.139683 0.144531
2 0.361905 0.701172 0.039683 0.029297
0 0.508730 0.409180 0.066667 0.066406
1 0.568254 0.634766 0.007937 0.009766
2 0.652381 0.779297 0.049206 0.076172
2 0.677778 0.473633 0.071429 0.105469
2 0.722222 0.375000 0.080952 0.107422
0 0.745238 0.094727 0.082540 0.058594
1 0.752381 0.095703 0.014286 0.060547
2 0.818254 0.618164 0.130159 0.246094
0 0.850000 0.113281 0.031746 0.068359
0 0.956349 0.626953 0.025397 0.029297
