0 0.019271 0.022222 0.025000 0.005556
2 0.045573 0.531481 0.034896 0.075926
1 0.093490 0.121296 0.010937 0.007407
2 0.431250 0.353704 0.473958 0.283333
0 0.203125 0.643519 0.015625 0.014815
2 0.214844 0.078704 0.025521 0.055556
2 0.263281 0.703704 0.066146 0.175926
0 0.261458 0.634259 0.021875 0.040741
2 0.507812 0.329630 0.316667 0.309259
0 0.442188 0.120370 0.027083 0.012963
0 0.498437 0.735185 0.033333 0.031481
1 0.616667 0.637037 0.009375 0.012963
0 0.750000 0.519444 0.028125 0.018519
2 0.788542 0.345370 0.021875 0.055556
2 0.877604 0.630556 0.191667 0.188889
