0 0.070312 0.426852 0.008333 0.033333
0 0.203646 0.109259 0.037500 0.020370
0 0.196354 0.652778 0.020833 0.018519
0 0.191667 0.906481 0.009375 0.059259
0 0.358854 0.091204 0.022917 0.008333
2 0.440625 0.761111 0.155208 0.046296
0 0.369271 0.177778 0.010417 0.057407
2 0.419531 0.604630 0.017188 0.051852
1 0.615104 0.019444 0.004167 0.014815
2 0.803646 0.384259 0.056250 0.111111
0 0.840625 0.939815 0.034375 0.022222
1 0.896094 0.759259 0.007812 0.024074
0 0.944792 0.412037 0.038542 0.048148
0 0.950781 0.901852 0.011979 0.072222
1 0.967708 0.632407 0.028125 0.007407
