2 0.066146 0.572222 0.085417 0.294444
2 0.402604 0.688889 0.666667 0.420370
2 0.118229 0.261111 0.104167 0.153704
2 0.096354 0.606481 0.025000 0.048148
2 0.122396 0.325000 0.052083 0.103704
0 0.128125 0.531481 0.011458 0.038889
1 0.138542 0.508333 0.030208 0.011111
2 0.156771 0.504630 0.050000 0.044444
2 0.225000 0.857407 0.034375 0.083333
2 0.439583 0.683333 0.090625 0.068519
1 0.458854 0.372222 0.006250 0.009259
2 0.667188 0.113889 0.056250 0.055556
0 0.717187 0.834259 0.025000 0.048148
2 0.829688 0.312963 0.062500 0.064815
1 0.921615 0.201852 0.019271 0.005556
2 0.956771 0.163889 0.077083 0.077778
0 0.967187 0.887963 0.029167 0.014815
1 0.955729 0.468519 0.004167 0.016667
0 0.983333 0.692593 0.009375 0.057407
