2 0.071354 0.295370 0.064583 0.107407
2 0.225000 0.184259 0.046875 0.125926
1 0.252604 0.261111 0.004167 0.012963
0 0.329688 0.614815 0.029167 0.005556
2 0.332031 0.308333 0.027604 0.048148
2 0.361979 0.139815 0.072917 0.055556
0 0.481250 0.901852 0.061458 0.009259
0 0.482292 0.285185 0.026042 0.009259
0 0.608333 0.601852 0.030208 0.016667
0 0.658333 0.454167 0.032292 0.012037
2 0.797917 0.388889 0.065625 0.068519
0 0.803646 0.726852 0.006250 0.025926
0 0.835677 0.191667 0.005729 0.022222
0 0.919271 0.870370 0.016667 0.009259
