0 0.140476 0.357422 0.076190 0.025391
2 0.180159 0.762695 0.085714 0.218750
1 0.309524 0.772461 0.026984 0.011719
2 0.382540 0.096680 0.147619 0.109375
1 0.328175 0.458008 0.010317 0.019531
2 0.438889 0.144531 0.209524 0.236328
1 0.480159 0.500000 0.219048 0.244141
2 0.455556 0.809570 0.147619 0.136719
1 0.445238 0.576172 0.019048 0.025391
2 0.585714 0.791992 0.160317 0.039062
2 0.603968 0.128906 0.111111 0.216797
0 0.573810 0.936523 0.050794 0.070312
0 0.576190 0.088867 0.030159 0.062500
2 0.775397 0.131836 0.085714 0.078125
2 0.900000 0.855469 0.096825 0.099609
1 0.943651 0.468750 0.006349 0.037109
