0 0.109115 0.800000 0.019271 0.009259
2 0.165625 0.913889 0.069792 0.051852
1 0.261198 0.317593 0.006771 0.011111
0 0.288542 0.722222 0.040625 0.012963
0 0.319792 0.600000 0.011458 0.042593
1 0.441927 0.891667 0.011979 0.007407
2 0.465885 0.101852 0.026562 0.046296
2 0.573958 0.027778 0.021875 0.053704
2 0.632812 0.696296 0.072917 0.075926
2 0.695833 0.181481 0.065625 0.109259
1 0.760417 0.326852 0.007292 0.011111
0 0.829688 0.676852 0.039583 0.025926
1 0.850521 0.085185 0.008333 0.005556
0 0.942187 0.659259 0.031250 0.016667
