0 0.034896 0.104630 0.029167 0.007407
2 0.043490 0.795370 0.030729 0.066667
1 0.129688 0.715741 0.010417 0.022222
1 0.154688 0.332407 0.004167 0.014815
2 0.313021 0.775926 0.110417 0.057407
2 0.312500 0.923148 0.057292 0.085185
2 0.369010 0.115741 0.030729 0.055556
0 0.619271 0.124537 0.031250 0.012037
0 0.673958 0.927778 0.040625 0.016667
1 0.715104 0.496296 0.018750 0.005556
0 0.851042 0.225926 0.038542 0.024074
2 0.893750 0.540741 0.059375 0.061111
1 0.877083 0.494444 0.013542 0.009259
2 0.979427 0.057407 0.016146 0.042593
0 0.991146 0.650000 0.012500 0.031481
