2 0.064286 0.508789 0.041270 0.082031
2 0.099206 0.469727 0.044444 0.058594
1 0.108730 0.308594 0.053968 0.033203
0 0.161905 0.292969 0.065079 0.076172
0 0.272222 0.713867 0.082540 0.027344
0 0.254762 0.786133 0.022222 0.023438
0 0.270635 0.223633 0.050794 0.039062
0 0.300000 0.641602 0.023810 0.066406
0 0.313492 0.092773 0.022222 0.019531
2 0.525397 0.536133 0.392063 0.300781
2 0.419841 0.838867 0.047619 0.109375
1 0.521429 0.818359 0.028571 0.044922
2 0.707937 0.313477 0.255556 0.156250
2 0.671825 0.544922 0.148413 0.099609
1 0.734127 0.747070 0.009524 0.019531
1 0.792857 0.737305 0.009524 0.011719
0 0.891270 0.208984 0.028571 0.044922
