0 0.013492 0.614258 0.019048 0.019531
2 0.273016 0.271484 0.134921 0.201172
1 0.214286 0.901367 0.014286 0.031250
0 0.223016 0.209961 0.028571 0.046875
0 0.293651 0.628906 0.052381 0.056641
1 0.319444 0.809570 0.011905 0.027344
1 0.350000 0.772461 0.019048 0.019531
0 0.440476 0.203125 0.025397 0.029297
2 0.624603 0.505859 0.101587 0.341797
0 0.686508 0.451172 0.069841 0.111328
0 0.707540 0.427734 0.054762 0.044922
0 0.761905 0.093750 0.080952 0.037109
2 0.808730 0.805664 0.114286 0.164062
1 0.855556 0.382812 0.026984 0.025391
2 0.931746 0.760742 0.020635 0.089844
