1 0.009896 0.307407 0.008333 0.009259
0 0.091667 0.043519 0.019792 0.055556
0 0.118750 0.730556 0.007292 0.033333
0 0.148958 0.088889 0.034375 0.038889
2 0.234375 0.225000 0.098958 0.148148
2 0.257812 0.576852 0.043750 0.074074
2 0.525000 0.696296 0.271875 0.268519
0 0.411458 0.881481 0.015625 0.038889
2 0.614583 0.335185 0.303125 0.505556
2 0.560937 0.568519 0.014583 0.024074
2 0.675000 0.842593 0.142708 0.075926
2 0.694010 0.532407 0.050521 0.137037
0 0.700000 0.134259 0.030208 0.059259
2 0.734115 0.848148 0.059896 0.164815
1 0.715365 0.086111 0.010937 0.007407
