2 0.072222 0.520508 0.111111 0.101562
0 0.076984 0.503906 0.031746 0.041016
2 0.390476 0.680664 0.087302 0.089844
2 0.412698 0.326172 0.049206 0.060547
2 0.451587 0.048828 0.053968 0.060547
0 0.457143 0.659180 0.042857 0.082031
2 0.500000 0.284180 0.068254 0.144531
0 0.525397 0.624023 0.026984 0.031250
1 0.569841 0.201172 0.014286 0.091797
0 0.626984 0.702148 0.030159 0.097656
0 0.657937 0.842773 0.038095 0.015625
0 0.724603 0.644531 0.063492 0.021484
0 0.730952 0.951172 0.031746 0.048828
2 0.757937 0.092773 0.073016 0.113281
1 0.737302 0.514648 0.012698 0.023438
0 0.765873 0.864258 0.034921 0.105469
0 0.850794 0.924805 0.017460 0.031250
0 0.911905 0.949219 0.034921 0.029297
