0 0.042188 0.359722 0.031250 0.012037
1 0.054167 0.418519 0.032292 0.009259
2 0.209375 0.406481 0.065625 0.037037
0 0.269792 0.625000 0.046875 0.033333
1 0.284375 0.692593 0.009375 0.012963
1 0.385937 0.069444 0.025000 0.007407
2 0.478646 0.226852 0.075000 0.044444
2 0.505729 0.472222 0.060417 0.205556
1 0.507552 0.547222 0.018229 0.007407
0 0.585938 0.665741 0.010417 0.029630
0 0.811979 0.952778 0.008333 0.044444
1 0.834896 0.072222 0.010417 0.016667
0 0.860417 0.338889 0.051042 0.024074
0 0.846875 0.646296 0.013542 0.012963
2 0.941406 0.856481 0.026562 0.033333
