2 0.061905 0.090820 0.023810 0.058594
2 0.135714 0.626953 0.031746 0.056641
2 0.253968 0.568359 0.217460 0.158203
2 0.230159 0.255859 0.163492 0.369141
1 0.199206 0.756836 0.031746 0.031250
2 0.322222 0.448242 0.080952 0.148438
2 0.324603 0.127930 0.041270 0.062500
0 0.396825 0.286133 0.042857 0.128906
0 0.433333 0.887207 0.020635 0.020508
1 0.527381 0.909180 0.021429 0.003906
0 0.603968 0.916016 0.034921 0.060547
2 0.615079 0.627930 0.038095 0.058594
1 0.649206 0.418945 0.011111 0.027344
2 0.742063 0.430664 0.073016 0.046875
1 0.742857 0.933594 0.020635 0.013672
1 0.838095 0.107422 0.007937 0.013672
0 0.944841 0.322266 0.056349 0.134766
