2 0.205556 0.401367 0.133333 0.199219
2 0.324206 0.764648 0.162698 0.101562
2 0.362698 0.647461 0.114286 0.066406
2 0.338889 0.838867 0.038095 0.078125
1 0.334921 0.335938 0.007937 0.013672
2 0.363492 0.520508 0.017460 0.054688
1 0.569841 0.457031 0.052381 0.060547
0 0.555556 0.791992 0.020635 0.070312
2 0.650794 0.242188 0.150794 0.111328
2 0.626190 0.607422 0.044444 0.060547
1 0.616667 0.564453 0.012698 0.013672
1 0.660317 0.352539 0.020635 0.023438
2 0.701587 0.927734 0.020635 0.091797
1 0.725397 0.783203 0.023810 0.033203
2 0.880159 0.477539 0.193651 0.183594
0 0.815079 0.401367 0.041270 0.085938
