1 0.097619 0.559570 0.012698 0.054688
2 0.212698 0.774414 0.207937 0.304688
0 0.153968 0.593750 0.055556 0.130859
0 0.191270 0.862305 0.031746 0.066406
2 0.316667 0.144531 0.019048 0.076172
2 0.388095 0.525391 0.149206 0.072266
2 0.342857 0.642578 0.036508 0.056641
2 0.450000 0.428711 0.120635 0.160156
0 0.418254 0.144531 0.019048 0.029297
2 0.554762 0.540039 0.085714 0.062500
2 0.728571 0.384766 0.287302 0.365234
1 0.627778 0.556641 0.015873 0.013672
0 0.666270 0.583984 0.048413 0.029297
2 0.731746 0.467773 0.077778 0.121094
1 0.773810 0.980469 0.019048 0.013672
0 0.911905 0.425781 0.047619 0.052734
1 0.903571 0.137695 0.015079 0.011719
