0 0.088889 0.256836 0.026984 0.031250
2 0.161905 0.358398 0.055556 0.171875
1 0.178968 0.337891 0.019841 0.025391
0 0.269841 0.905273 0.068254 0.023438
1 0.297619 0.466797 0.022222 0.009766
0 0.326984 0.106445 0.023810 0.039062
0 0.330556 0.756836 0.024603 0.011719
0 0.521429 0.568359 0.047619 0.041016
2 0.524603 0.762695 0.053968 0.054688
2 0.639683 0.517578 0.217460 0.095703
0 0.596032 0.587891 0.060317 0.083984
0 0.669048 0.538086 0.012698 0.011719
2 0.861111 0.865234 0.120635 0.091797
0 0.892857 0.098633 0.034921 0.171875
0 0.936508 0.156250 0.023810 0.037109
