2 0.060156 0.462963 0.031771 0.127778
0 0.105208 0.646759 0.038542 0.041667
0 0.114583 0.757407 0.021875 0.009259
0 0.185417 0.437963 0.034375 0.014815
1 0.215365 0.895370 0.015104 0.003704
0 0.230208 0.905556 0.040625 0.012963
2 0.262500 0.615741 0.086458 0.296296
2 0.432292 0.499074 0.088542 0.088889
1 0.495833 0.762963 0.026042 0.005556
0 0.505729 0.677315 0.018750 0.006481
2 0.719792 0.223148 0.044792 0.088889
2 0.756250 0.614815 0.109375 0.142593
2 0.813542 0.516667 0.017708 0.042593
2 0.891667 0.900926 0.053125 0.055556
