2 0.203968 0.249023 0.219048 0.156250
2 0.176190 0.151367 0.115873 0.121094
1 0.150794 0.903320 0.023810 0.027344
0 0.171032 0.562500 0.053175 0.033203
1 0.157937 0.129883 0.019048 0.031250
2 0.231746 0.257812 0.087302 0.048828
1 0.250000 0.085938 0.009524 0.029297
1 0.274603 0.125977 0.036508 0.066406
2 0.316667 0.567383 0.111111 0.082031
2 0.700000 0.316406 0.360317 0.224609
0 0.601587 0.748047 0.093651 0.099609
0 0.617460 0.553711 0.036508 0.023438
0 0.645635 0.846680 0.045238 0.046875
1 0.661508 0.514648 0.030952 0.031250
0 0.727778 0.340820 0.044444 0.042969
0 0.838095 0.325195 0.030159 0.085938
