1 0.007292 0.372222 0.009375 0.009259
1 0.076302 0.906481 0.007812 0.011111
2 0.177604 0.127778 0.064583 0.050000
1 0.269531 0.910185 0.006771 0.011111
0 0.361979 0.285185 0.033333 0.020370
0 0.424219 0.573148 0.011979 0.037037
2 0.488542 0.454630 0.040625 0.044444
1 0.533333 0.232407 0.023958 0.007407
2 0.610417 0.158333 0.082292 0.048148
0 0.695833 0.507870 0.026042 0.026852
0 0.792708 0.723148 0.023958 0.044444
2 0.823958 0.273148 0.017708 0.040741
0 0.929688 0.266667 0.047917 0.031481
1 0.949219 0.669444 0.007812 0.011111
