0 0.022396 0.274537 0.031250 0.034259
0 0.054427 0.933333 0.009896 0.005556
2 0.122917 0.809259 0.076042 0.083333
1 0.130729 0.626852 0.012500 0.011111
0 0.164062 0.542593 0.027083 0.012963
1 0.212500 0.788889 0.015625 0.005556
0 0.239063 0.686111 0.027083 0.007407
0 0.342187 0.037037 0.029167 0.031481
0 0.496354 0.598148 0.020833 0.009259
0 0.513802 0.235185 0.021354 0.027778
2 0.644010 0.927778 0.022396 0.038889
2 0.768750 0.926852 0.098958 0.051852
2 0.878125 0.339815 0.101042 0.037037
2 0.866667 0.269444 0.061458 0.214815
0 0.952604 0.927778 0.008333 0.031481
