2 0.055556 0.791016 0.068254 0.095703
0 0.051587 0.153320 0.015873 0.058594
2 0.180159 0.549805 0.053968 0.054688
1 0.206349 0.900391 0.023810 0.033203
1 0.229762 0.567383 0.008730 0.015625
0 0.275397 0.741699 0.060317 0.045898
2 0.451587 0.750977 0.209524 0.207031
0 0.361111 0.265625 0.022222 0.025391
1 0.399206 0.448242 0.022222 0.011719
2 0.469048 0.612305 0.088889 0.109375
2 0.558730 0.515625 0.195238 0.142578
0 0.475000 0.701172 0.037302 0.095703
0 0.665873 0.421875 0.063492 0.115234
0 0.765873 0.366211 0.028571 0.046875
2 0.828571 0.041992 0.100000 0.058594
2 0.913492 0.153320 0.066667 0.050781
0 0.922619 0.197754 0.018254 0.012695
