0 0.200000 0.830078 0.033333 0.056641
2 0.224206 0.177734 0.059524 0.064453
2 0.465079 0.542969 0.411111 0.357422
0 0.331746 0.947266 0.039683 0.013672
2 0.429365 0.643555 0.222222 0.339844
1 0.341270 0.831055 0.011111 0.011719
0 0.366667 0.282715 0.033333 0.049805
2 0.403175 0.482422 0.074603 0.146484
1 0.381746 0.913086 0.009524 0.019531
2 0.577778 0.333008 0.150794 0.152344
2 0.529365 0.683594 0.047619 0.048828
1 0.563492 0.552734 0.080952 0.115234
1 0.597619 0.215820 0.047619 0.019531
0 0.715873 0.506836 0.188889 0.101562
1 0.659921 0.776367 0.026190 0.105469
0 0.666667 0.129883 0.033333 0.042969
2 0.765873 0.143555 0.063492 0.074219
0 0.826190 0.283691 0.073016 0.067383
0 0.834127 0.369141 0.031746 0.013672
2 0.951587 0.096680 0.073016 0.152344
