0 0.158730 0.420898 0.080952 0.062500
1 0.226190 0.469727 0.012698 0.015625
0 0.235714 0.141602 0.019048 0.054688
0 0.247619 0.279297 0.033333 0.033203
0 0.263492 0.344727 0.052381 0.039062
2 0.318254 0.205078 0.104762 0.259766
1 0.361905 0.622070 0.007937 0.015625
0 0.461111 0.736328 0.038095 0.064453
2 0.667460 0.554688 0.209524 0.205078
0 0.630952 0.732422 0.066667 0.052734
1 0.680159 0.231445 0.019048 0.042969
1 0.769841 0.695312 0.036508 0.064453
2 0.792857 0.382812 0.066667 0.068359
0 0.845238 0.060547 0.034921 0.056641
0 0.869444 0.136719 0.021429 0.044922
0 0.911905 0.890625 0.034921 0.111328
0 0.908730 0.174805 0.015873 0.078125
