2 0.088542 0.269444 0.080208 0.059259
2 0.086979 0.171296 0.031250 0.114815
2 0.218229 0.690741 0.131250 0.172222
2 0.217708 0.234259 0.084375 0.129630
1 0.347396 0.953704 0.006250 0.009259
0 0.348438 0.259259 0.016667 0.031481
2 0.437240 0.228704 0.042188 0.022222
2 0.452083 0.949074 0.065625 0.059259
1 0.502344 0.935185 0.005729 0.012963
0 0.596875 0.260185 0.015625 0.044444
0 0.763802 0.092593 0.011979 0.005556
0 0.809375 0.505556 0.046875 0.031481
1 0.808854 0.437963 0.008333 0.007407
0 0.852604 0.567130 0.031250 0.012037
