2 0.100397 0.706055 0.129365 0.132812
1 0.114286 0.375977 0.011111 0.011719
0 0.148413 0.583984 0.066667 0.052734
1 0.230159 0.895508 0.042857 0.015625
0 0.257540 0.541504 0.043651 0.051758
0 0.335714 0.508789 0.012698 0.023438
2 0.405556 0.277344 0.136508 0.236328
0 0.399206 0.444336 0.022222 0.035156
2 0.421032 0.833008 0.057937 0.128906
1 0.479365 0.256836 0.011111 0.046875
0 0.526984 0.474609 0.103175 0.056641
2 0.614286 0.777344 0.103175 0.146484
0 0.613095 0.219727 0.059524 0.046875
2 0.701587 0.102539 0.036508 0.031250
0 0.765873 0.772461 0.079365 0.066406
1 0.798413 0.912109 0.011111 0.017578
1 0.956349 0.332520 0.022222 0.008789
