0 0.046032 0.218750 0.030159 0.033203
1 0.058730 0.014648 0.011111 0.015625
1 0.073810 0.760742 0.009524 0.039062
2 0.124603 0.578125 0.044444 0.052734
0 0.173810 0.069336 0.047619 0.050781
2 0.284127 0.643555 0.093651 0.128906
2 0.332540 0.623047 0.069841 0.083984
2 0.429365 0.511719 0.146032 0.345703
1 0.365873 0.802734 0.009524 0.017578
2 0.478571 0.775391 0.047619 0.064453
1 0.476984 0.904297 0.031746 0.029297
1 0.505556 0.328125 0.019048 0.009766
2 0.641270 0.118164 0.153968 0.117188
0 0.621429 0.429688 0.012698 0.056641
1 0.722222 0.142578 0.026984 0.029297
2 0.740476 0.433594 0.057143 0.083984
0 0.731746 0.104492 0.026984 0.152344
1 0.794841 0.151367 0.035714 0.093750
1 0.891270 0.357422 0.012698 0.017578
