0 0.135714 0.102539 0.038095 0.042969
2 0.191270 0.684570 0.117460 0.070312
0 0.311905 0.839844 0.076190 0.099609
0 0.330952 0.237305 0.028571 0.023438
2 0.564286 0.702148 0.431746 0.171875
2 0.430952 0.498047 0.047619 0.072266
0 0.498413 0.355469 0.020635 0.044922
0 0.530159 0.299805 0.036508 0.031250
2 0.626190 0.607422 0.196825 0.134766
1 0.627778 0.073242 0.041270 0.027344
0 0.686508 0.344727 0.031746 0.074219
2 0.828571 0.655273 0.233333 0.257812
1 0.803175 0.211914 0.009524 0.019531
0 0.903175 0.736328 0.058730 0.091797
1 0.941270 0.575195 0.007937 0.015625
