0 0.056349 0.840820 0.057143 0.054688
1 0.057143 0.942383 0.014286 0.011719
2 0.107143 0.093750 0.069841 0.111328
2 0.146032 0.680664 0.096825 0.054688
0 0.187302 0.220703 0.014286 0.017578
1 0.322222 0.889648 0.020635 0.011719
2 0.442063 0.206055 0.184127 0.062500
1 0.475397 0.508789 0.009524 0.011719
2 0.580952 0.178711 0.236508 0.199219
1 0.525397 0.478516 0.023810 0.033203
2 0.583333 0.333008 0.107937 0.148438
1 0.587302 0.677734 0.011111 0.021484
0 0.726190 0.387695 0.006349 0.019531
0 0.898413 0.842773 0.022222 0.089844
