2 0.226984 0.461914 0.030159 0.082031
0 0.292063 0.459961 0.055556 0.074219
2 0.306349 0.604492 0.084127 0.054688
0 0.428571 0.688477 0.017460 0.050781
1 0.503968 0.292969 0.031746 0.025391
2 0.542857 0.066406 0.096825 0.060547
1 0.507937 0.170898 0.011111 0.015625
2 0.564286 0.856445 0.098413 0.109375
1 0.556349 0.440918 0.015873 0.006836
0 0.557937 0.757812 0.019048 0.021484
2 0.696032 0.654297 0.034921 0.048828
2 0.722222 0.452148 0.061905 0.054688
2 0.816667 0.727539 0.247619 0.207031
1 0.710317 0.761719 0.015873 0.013672
1 0.792063 0.382324 0.020635 0.014648
0 0.830159 0.673828 0.061905 0.052734
0 0.908730 0.625000 0.047619 0.068359
