2 0.251587 0.487305 0.152381 0.171875
1 0.341270 0.370117 0.020635 0.023438
2 0.384127 0.251465 0.033333 0.104492
2 0.458730 0.619141 0.182540 0.130859
2 0.447222 0.386719 0.151587 0.146484
2 0.568254 0.308594 0.239683 0.509766
1 0.547619 0.967773 0.011111 0.015625
0 0.612698 0.727539 0.046032 0.031250
0 0.684127 0.506836 0.030159 0.074219
0 0.739286 0.221680 0.035714 0.039062
2 0.789683 0.602539 0.123810 0.085938
1 0.781746 0.699219 0.015873 0.013672
1 0.885317 0.624023 0.023016 0.113281
1 0.936508 0.394531 0.011111 0.017578
