2 0.129762 0.552734 0.162698 0.103516
0 0.133333 0.209961 0.065079 0.019531
2 0.342063 0.401367 0.307937 0.609375
0 0.237698 0.753906 0.026190 0.041016
2 0.379365 0.662109 0.109524 0.060547
2 0.384921 0.142578 0.073016 0.033203
1 0.355556 0.135742 0.004762 0.019531
1 0.455556 0.537109 0.119048 0.083984
2 0.432540 0.413086 0.038095 0.125000
1 0.534127 0.496094 0.047619 0.064453
0 0.634127 0.428711 0.041270 0.027344
2 0.738889 0.152344 0.025397 0.064453
0 0.782937 0.874023 0.054762 0.031250
0 0.792857 0.321289 0.050794 0.070312
1 0.813492 0.060547 0.022222 0.033203
