1 0.169444 0.407227 0.019841 0.011719
1 0.187302 0.865234 0.026984 0.044922
0 0.268254 0.791992 0.023810 0.101562
0 0.323016 0.525391 0.022222 0.068359
2 0.351587 0.793945 0.076190 0.078125
2 0.510317 0.137695 0.082540 0.042969
1 0.530159 0.554688 0.017460 0.025391
0 0.598413 0.632812 0.042857 0.080078
2 0.671429 0.685547 0.122222 0.376953
2 0.659524 0.657715 0.034921 0.100586
2 0.734127 0.326172 0.079365 0.111328
0 0.735714 0.233398 0.066667 0.015625
1 0.733333 0.222656 0.011111 0.021484
0 0.737302 0.348633 0.041270 0.070312
2 0.778571 0.467773 0.044444 0.027344
2 0.853968 0.875000 0.150794 0.115234
1 0.807143 0.347656 0.041270 0.009766
