1 0.058333 0.783333 0.013542 0.009259
0 0.123438 0.117593 0.008333 0.007407
0 0.160938 0.771296 0.016667 0.014815
2 0.228125 0.574074 0.078125 0.127778
1 0.407031 0.449537 0.006771 0.010185
0 0.486979 0.117593 0.037500 0.025926
1 0.557292 0.492593 0.013542 0.009259
2 0.688021 0.480556 0.100000 0.148148
1 0.840104 0.045370 0.020833 0.007407
2 0.870313 0.134259 0.054167 0.051852
2 0.870573 0.137963 0.042188 0.022222
0 0.882292 0.070833 0.026042 0.026852
2 0.902083 0.388889 0.055208 0.027778
1 0.939844 0.728704 0.011979 0.007407
