2 0.143651 0.440430 0.260317 0.468750
0 0.138095 0.631836 0.020635 0.027344
2 0.207143 0.837891 0.079365 0.259766
2 0.284921 0.677734 0.219048 0.447266
0 0.188095 0.637695 0.022222 0.039062
0 0.211905 0.313477 0.028571 0.062500
2 0.488095 0.086914 0.088889 0.140625
2 0.518254 0.700195 0.126984 0.054688
1 0.620635 0.250977 0.026984 0.023438
2 0.675397 0.083984 0.098413 0.134766
2 0.795238 0.784180 0.087302 0.058594
0 0.865873 0.383789 0.069841 0.113281
2 0.914286 0.798828 0.020635 0.091797
1 0.930159 0.438477 0.011111 0.011719
