1 0.025397 0.652344 0.004762 0.017578
0 0.060317 0.450195 0.023810 0.093750
1 0.200000 0.492188 0.004762 0.017578
0 0.275397 0.872070 0.012698 0.046875
1 0.403175 0.640625 0.011111 0.013672
1 0.416667 0.647461 0.015873 0.011719
0 0.569048 0.416992 0.034921 0.066406
2 0.626984 0.295898 0.084127 0.128906
0 0.628571 0.342285 0.077778 0.129883
0 0.664286 0.328125 0.031746 0.037109
1 0.671429 0.921875 0.011111 0.017578
0 0.707937 0.492188 0.049206 0.119141
1 0.730952 0.061523 0.025397 0.019531
1 0.761905 0.809570 0.023810 0.019531
1 0.759524 0.256836 0.015873 0.019531
0 0.806349 0.110352 0.074603 0.039062
