0 0.125521 0.091667 0.031250 0.029630
0 0.183333 0.201852 0.046875 0.031481
2 0.277083 0.257407 0.092708 0.075926
0 0.255729 0.604630 0.045833 0.033333
2 0.633854 0.517593 0.135417 0.203704
1 0.570312 0.059259 0.006250 0.009259
2 0.664583 0.525926 0.188542 0.246296
0 0.575521 0.795370 0.010417 0.029630
0 0.595833 0.314352 0.023958 0.025000
0 0.624479 0.349074 0.029167 0.007407
0 0.680208 0.647222 0.026042 0.051852
2 0.830729 0.240741 0.185417 0.179630
2 0.834375 0.860185 0.169792 0.222222
0 0.791667 0.042130 0.026042 0.028704
0 0.960938 0.887963 0.039583 0.044444
