2 0.046825 0.588867 0.050794 0.113281
0 0.107937 0.500977 0.077778 0.023438
1 0.109524 0.431641 0.014286 0.017578
0 0.200000 0.690430 0.014286 0.019531
1 0.211111 0.798828 0.014286 0.013672
1 0.286905 0.877930 0.023016 0.003906
0 0.309524 0.908203 0.061905 0.052734
0 0.466667 0.337891 0.039683 0.068359
0 0.606746 0.712891 0.065873 0.029297
2 0.721429 0.086914 0.168254 0.121094
2 0.708730 0.194336 0.123810 0.082031
0 0.775397 0.316895 0.047619 0.032227
1 0.765873 0.754883 0.015873 0.023438
2 0.826190 0.415039 0.044444 0.164062
2 0.841270 0.852539 0.049206 0.175781
2 0.928571 0.468750 0.090476 0.068359
2 0.938095 0.609375 0.049206 0.091797
