0 0.068651 0.071289 0.042063 0.062500
0 0.130159 0.890625 0.065079 0.068359
0 0.269048 0.685547 0.038095 0.076172
1 0.301190 0.944336 0.021429 0.054688
2 0.461111 0.257812 0.222222 0.240234
2 0.421429 0.304688 0.088889 0.064453
0 0.437302 0.603516 0.041270 0.029297
0 0.465079 0.751953 0.036508 0.033203
2 0.501190 0.291016 0.023016 0.072266
0 0.553175 0.545898 0.079365 0.035156
2 0.609524 0.717773 0.153968 0.101562
2 0.597619 0.224609 0.038095 0.111328
0 0.608730 0.280273 0.053968 0.046875
2 0.674603 0.569336 0.109524 0.082031
0 0.754762 0.595703 0.034921 0.064453
0 0.866667 0.681641 0.011111 0.017578
0 0.918254 0.362305 0.019048 0.082031
