0 0.093651 0.857422 0.068254 0.033203
2 0.146429 0.841797 0.051587 0.064453
2 0.254762 0.289062 0.104762 0.072266
2 0.311905 0.639648 0.133333 0.164062
2 0.414683 0.541016 0.057937 0.103516
2 0.486905 0.166992 0.054762 0.023438
2 0.571429 0.566406 0.138095 0.103516
1 0.596825 0.166992 0.014286 0.015625
1 0.625397 0.694336 0.011111 0.011719
2 0.700000 0.422852 0.096825 0.140625
2 0.767857 0.514648 0.046825 0.058594
2 0.826984 0.265137 0.071429 0.057617
0 0.814286 0.856445 0.026984 0.031250
1 0.817460 0.743164 0.011111 0.019531
0 0.838095 0.175781 0.023810 0.025391
2 0.915873 0.755859 0.080952 0.107422
