1 0.023016 0.570312 0.022222 0.005859
0 0.057143 0.273438 0.052381 0.111328
2 0.088889 0.822266 0.103175 0.041016
0 0.127778 0.349609 0.085714 0.048828
1 0.076984 0.532227 0.012698 0.023438
2 0.216667 0.547852 0.126984 0.132812
1 0.303968 0.133789 0.012698 0.027344
0 0.347619 0.438477 0.049206 0.078125
2 0.426984 0.226562 0.115873 0.216797
2 0.405159 0.332031 0.067460 0.099609
0 0.585714 0.736328 0.058730 0.130859
2 0.592857 0.099609 0.053968 0.185547
0 0.665079 0.495117 0.023810 0.019531
2 0.864286 0.288086 0.060317 0.082031
1 0.932143 0.827148 0.021429 0.054688
