0 0.121429 0.838867 0.047619 0.050781
0 0.324603 0.576172 0.060317 0.107422
0 0.330952 0.829102 0.047619 0.046875
2 0.446825 0.360352 0.101587 0.148438
2 0.419048 0.731445 0.033333 0.082031
2 0.475000 0.487305 0.065873 0.074219
2 0.561111 0.295898 0.047619 0.074219
0 0.599206 0.292480 0.034921 0.022461
0 0.640476 0.065430 0.038095 0.058594
0 0.672222 0.230469 0.019048 0.013672
2 0.750000 0.965820 0.076190 0.039062
2 0.816667 0.367188 0.088889 0.111328
0 0.830952 0.384766 0.038095 0.087891
1 0.892857 0.138672 0.012698 0.017578
0 0.919841 0.858398 0.047619 0.031250
0 0.911905 0.261719 0.028571 0.087891
1 0.920635 0.408203 0.011111 0.017578
0 0.938095 0.711914 0.046032 0.031250
2 0.973810 0.929688 0.039683 0.025391
