0 0.076190 0.474609 0.017460 0.044922
0 0.106349 0.815430 0.055556 0.015625
2 0.121429 0.094238 0.057143 0.079102
0 0.214683 0.402344 0.023016 0.068359
0 0.246825 0.194336 0.073016 0.039062
2 0.243651 0.584961 0.031746 0.140625
2 0.303968 0.364746 0.085714 0.053711
0 0.322222 0.207031 0.042857 0.044922
1 0.507143 0.810547 0.019048 0.025391
0 0.572619 0.541016 0.043651 0.052734
0 0.575397 0.311523 0.025397 0.062500
0 0.654365 0.953125 0.030952 0.029297
1 0.672222 0.320312 0.009524 0.041016
0 0.740476 0.786133 0.038095 0.039062
0 0.738095 0.767578 0.030159 0.064453
0 0.834921 0.155273 0.023810 0.039062
