2 0.368254 0.477539 0.595238 0.425781
0 0.100000 0.708984 0.030159 0.044922
1 0.185317 0.615234 0.010317 0.013672
2 0.223810 0.363281 0.036508 0.060547
1 0.255159 0.928711 0.019841 0.011719
1 0.321429 0.169922 0.015873 0.013672
2 0.521429 0.532227 0.142857 0.097656
0 0.539683 0.539062 0.030159 0.029297
1 0.711905 0.333984 0.019048 0.025391
2 0.769841 0.410156 0.042857 0.142578
0 0.788889 0.256348 0.020635 0.016602
2 0.869841 0.316406 0.134921 0.166016
1 0.827778 0.503418 0.019048 0.014648
1 0.878175 0.849609 0.062698 0.013672
