0 0.054762 0.633789 0.034921 0.085938
0 0.129762 0.665039 0.035714 0.058594
2 0.276984 0.366211 0.200000 0.050781
2 0.430952 0.352539 0.396825 0.234375
0 0.334921 0.361328 0.023810 0.037109
0 0.362698 0.884766 0.063492 0.064453
0 0.445238 0.775391 0.025397 0.029297
1 0.489683 0.531250 0.050794 0.041016
0 0.515079 0.487305 0.050794 0.066406
2 0.515079 0.949219 0.044444 0.048828
1 0.571032 0.196289 0.054762 0.031250
1 0.668254 0.581055 0.106349 0.140625
2 0.682540 0.314453 0.144444 0.197266
2 0.676984 0.882812 0.066667 0.115234
2 0.669048 0.215820 0.034921 0.019531
0 0.783333 0.742188 0.025397 0.037109
