1 0.330469 0.300000 0.009896 0.009259
0 0.433333 0.276389 0.032292 0.012037
2 0.478125 0.356481 0.088542 0.088889
2 0.491667 0.293981 0.028125 0.058333
0 0.492448 0.699074 0.011979 0.070370
2 0.636979 0.804630 0.062500 0.125926
0 0.650521 0.406481 0.012500 0.059259
0 0.664062 0.078704 0.027083 0.011111
1 0.722917 0.309259 0.009375 0.009259
0 0.770312 0.064815 0.012500 0.020370
0 0.777604 0.278704 0.027083 0.029630
2 0.822396 0.192593 0.085417 0.087037
2 0.890625 0.573148 0.051042 0.055556
0 0.919010 0.120370 0.020313 0.005556
1 0.939323 0.188889 0.006771 0.012963
