2 0.238889 0.310547 0.282540 0.462891
0 0.206349 0.475586 0.046032 0.031250
2 0.327778 0.315430 0.082540 0.101562
2 0.446032 0.224609 0.049206 0.029297
0 0.492063 0.499023 0.112698 0.089844
2 0.561111 0.250977 0.031746 0.117188
2 0.623016 0.725586 0.098413 0.105469
2 0.624603 0.305664 0.057143 0.035156
0 0.750794 0.444336 0.020635 0.027344
0 0.788095 0.639648 0.073016 0.058594
0 0.775397 0.266602 0.031746 0.058594
0 0.772222 0.500000 0.012698 0.044922
2 0.868254 0.607422 0.115873 0.076172
2 0.884921 0.900391 0.063492 0.068359
0 0.926190 0.694336 0.044444 0.082031
