0 0.050000 0.775391 0.031746 0.072266
2 0.088889 0.433594 0.077778 0.076172
0 0.156349 0.702148 0.015873 0.019531
0 0.252381 0.131836 0.093651 0.066406
2 0.250794 0.682617 0.074603 0.046875
0 0.247619 0.303223 0.046032 0.040039
1 0.259524 0.165039 0.009524 0.011719
2 0.351587 0.555664 0.174603 0.082031
2 0.409524 0.431641 0.106349 0.185547
0 0.451190 0.571289 0.094444 0.031250
1 0.473016 0.764648 0.007937 0.011719
2 0.658730 0.324219 0.290476 0.517578
2 0.673810 0.201172 0.076190 0.107422
0 0.873810 0.542969 0.085714 0.064453
1 0.964286 0.898438 0.028571 0.037109
