0 0.012500 0.144444 0.023958 0.009259
0 0.005729 0.922222 0.006250 0.024074
2 0.057813 0.572222 0.064583 0.050000
2 0.077083 0.648148 0.082292 0.046296
2 0.406250 0.593519 0.728125 0.437037
0 0.148438 0.214815 0.041667 0.046296
1 0.194792 0.813889 0.005208 0.022222
1 0.311979 0.263889 0.010417 0.014815
0 0.327604 0.484259 0.016667 0.014815
1 0.343750 0.948148 0.015625 0.005556
0 0.353646 0.023148 0.020833 0.007407
2 0.492188 0.709259 0.041667 0.016667
0 0.678125 0.093519 0.028125 0.018519
0 0.746875 0.835185 0.007292 0.031481
0 0.915104 0.668519 0.027083 0.012963
0 0.974479 0.602778 0.025000 0.011111
