0 0.029365 0.707031 0.041270 0.048828
1 0.076190 0.018555 0.023810 0.027344
0 0.106746 0.501953 0.035714 0.072266
0 0.156349 0.388672 0.034921 0.009766
1 0.359921 0.307617 0.010317 0.039062
2 0.453968 0.445312 0.182540 0.251953
0 0.421032 0.072266 0.032540 0.056641
0 0.434921 0.402344 0.061905 0.033203
0 0.689683 0.291992 0.031746 0.058594
0 0.730159 0.451172 0.017460 0.060547
2 0.833333 0.213379 0.055556 0.176758
1 0.845238 0.958008 0.009524 0.027344
1 0.853571 0.952148 0.010317 0.015625
2 0.948413 0.813477 0.031746 0.093750
