0 0.036458 0.328704 0.021875 0.011111
2 0.100521 0.354630 0.056250 0.048148
0 0.121354 0.482407 0.047917 0.022222
2 0.251042 0.237037 0.057292 0.061111
0 0.320833 0.562037 0.015625 0.044444
2 0.385417 0.601852 0.078125 0.127778
2 0.600260 0.266667 0.023438 0.053704
0 0.680208 0.393519 0.009375 0.059259
2 0.746094 0.280556 0.030729 0.122222
1 0.877344 0.366667 0.018229 0.005556
0 0.894271 0.328704 0.016667 0.033333
2 0.906250 0.762037 0.030208 0.081481
0 0.960938 0.880556 0.016667 0.048148
0 0.975260 0.873148 0.013021 0.074074
