0 0.023958 0.600926 0.034375 0.014815
0 0.072396 0.257870 0.010417 0.015741
2 0.098698 0.127778 0.027604 0.050000
2 0.208333 0.544444 0.086458 0.064815
2 0.323958 0.641667 0.065625 0.059259
0 0.378125 0.724074 0.019792 0.038889
2 0.445833 0.095370 0.101042 0.029630
0 0.487760 0.736111 0.011979 0.037037
2 0.610417 0.188889 0.065625 0.112963
2 0.664583 0.323148 0.032292 0.077778
2 0.682813 0.578704 0.020833 0.062963
2 0.775000 0.362963 0.034375 0.046296
2 0.924740 0.753704 0.034896 0.098148
0 0.919271 0.458333 0.016667 0.040741
0 0.930208 0.198611 0.034375 0.008333
