2 0.553125 0.534259 0.763542 0.462963
2 0.215885 0.500926 0.042188 0.088889
2 0.357812 0.383333 0.031250 0.075926
1 0.361979 0.214815 0.008333 0.012963
0 0.522917 0.187963 0.036458 0.014815
0 0.541667 0.219444 0.011458 0.011111
0 0.597656 0.331481 0.017188 0.009259
2 0.739062 0.822222 0.039583 0.053704
0 0.741667 0.203704 0.040625 0.016667
0 0.767708 0.362037 0.048958 0.022222
2 0.839323 0.246296 0.041146 0.087037
2 0.916146 0.912963 0.125000 0.164815
2 0.953646 0.155556 0.062500 0.035185
1 0.989583 0.964815 0.007292 0.009259
