2 0.048413 0.896484 0.044444 0.087891
0 0.245238 0.058594 0.117460 0.056641
0 0.550000 0.148438 0.031746 0.025391
1 0.571429 0.875488 0.009524 0.008789
1 0.586508 0.274414 0.009524 0.023438
0 0.609524 0.396484 0.042857 0.052734
1 0.716270 0.764648 0.010317 0.027344
1 0.646825 0.510742 0.014286 0.054688
2 0.764286 0.512695 0.158730 0.097656
0 0.711111 0.601562 0.036508 0.080078
1 0.721032 0.512207 0.018254 0.004883
2 0.744444 0.295898 0.042857 0.218750
0 0.773016 0.691406 0.026984 0.052734
2 0.932937 0.229492 0.108730 0.214844
0 0.952778 0.669922 0.026190 0.037109
