2 0.099479 0.392593 0.095833 0.053704
0 0.213542 0.603241 0.007292 0.010185
0 0.288542 0.966667 0.009375 0.057407
2 0.451823 0.685185 0.031771 0.124074
0 0.507292 0.669444 0.034375 0.044444
2 0.546354 0.255556 0.064583 0.064815
2 0.551562 0.530556 0.070833 0.059259
1 0.554427 0.179630 0.009896 0.009259
1 0.603125 0.135185 0.005208 0.016667
2 0.766146 0.226852 0.183333 0.237037
2 0.725521 0.304630 0.058333 0.062963
2 0.796875 0.387037 0.192708 0.187037
2 0.766146 0.190741 0.083333 0.127778
0 0.762500 0.354630 0.030208 0.018519
