2 0.081771 0.369444 0.154167 0.044444
2 0.254427 0.134259 0.022396 0.085185
1 0.293750 0.546296 0.009375 0.012963
2 0.377604 0.435185 0.087500 0.135185
2 0.502604 0.678704 0.137500 0.181481
2 0.691146 0.432407 0.064583 0.059259
0 0.735938 0.870370 0.016667 0.031481
0 0.738802 0.666667 0.020313 0.005556
1 0.745573 0.295370 0.017188 0.007407
0 0.765885 0.482407 0.028646 0.007407
2 0.772135 0.942593 0.038021 0.101852
0 0.785937 0.648148 0.020833 0.009259
2 0.849479 0.883333 0.125000 0.064815
2 0.820312 0.287963 0.060417 0.044444
