1 0.021354 0.015741 0.008333 0.007407
2 0.201042 0.791667 0.159375 0.085185
2 0.238542 0.101852 0.063542 0.064815
0 0.266146 0.375926 0.010417 0.031481
0 0.402604 0.674074 0.022917 0.046296
0 0.539062 0.660185 0.022917 0.011111
2 0.573958 0.874074 0.032292 0.079630
1 0.617969 0.146296 0.007812 0.024074
1 0.649219 0.358333 0.005729 0.018519
2 0.683594 0.167593 0.070312 0.037037
1 0.700521 0.950000 0.014583 0.009259
0 0.746875 0.422222 0.028125 0.027778
0 0.858854 0.990741 0.037500 0.009259
0 0.939063 0.939815 0.018750 0.051852
0 0.981250 0.184259 0.023958 0.048148
