0 0.219048 0.291016 0.014286 0.025391
0 0.305556 0.823242 0.095238 0.152344
1 0.296825 0.483398 0.023810 0.027344
2 0.455556 0.647461 0.122222 0.085938
0 0.432540 0.380859 0.063492 0.076172
2 0.515873 0.163086 0.030159 0.101562
1 0.507143 0.947266 0.009524 0.013672
2 0.580159 0.458008 0.092063 0.187500
0 0.586508 0.962891 0.031746 0.041016
2 0.635714 0.708008 0.095238 0.070312
2 0.627778 0.738770 0.050794 0.047852
2 0.623810 0.345703 0.039683 0.048828
0 0.650794 0.435547 0.093651 0.037109
2 0.695238 0.389648 0.147619 0.261719
0 0.726190 0.243164 0.044444 0.105469
2 0.796825 0.056641 0.090476 0.060547
