0 0.097917 0.052778 0.009375 0.048148
0 0.126562 0.556481 0.035417 0.014815
0 0.175521 0.624074 0.012500 0.075926
2 0.198958 0.148148 0.021875 0.053704
1 0.267708 0.195833 0.011458 0.006481
0 0.285417 0.203704 0.009375 0.009259
0 0.320312 0.853704 0.025000 0.012963
2 0.504687 0.273148 0.256250 0.429630
0 0.449740 0.687037 0.026562 0.035185
2 0.534635 0.176852 0.040104 0.085185
0 0.553906 0.073148 0.014063 0.081481
0 0.662240 0.753241 0.008854 0.013889
2 0.855208 0.130556 0.088542 0.088889
1 0.889844 0.530556 0.005729 0.011111
