2 0.126984 0.709961 0.138095 0.292969
0 0.150000 0.066406 0.012698 0.044922
0 0.207143 0.234375 0.034921 0.044922
0 0.301587 0.523438 0.061905 0.142578
1 0.282540 0.730469 0.014286 0.017578
1 0.323810 0.896484 0.042857 0.041016
1 0.345238 0.582031 0.047619 0.064453
0 0.364286 0.217773 0.073016 0.058594
2 0.415079 0.811523 0.123810 0.082031
2 0.509524 0.188477 0.185714 0.152344
0 0.438492 0.683594 0.011905 0.021484
0 0.592857 0.371094 0.098413 0.083984
1 0.546825 0.711914 0.006349 0.023438
0 0.627778 0.510742 0.031746 0.023438
0 0.657143 0.521484 0.036508 0.076172
1 0.706746 0.639648 0.027778 0.023438
2 0.835714 0.076172 0.069841 0.041016
2 0.876190 0.370117 0.109524 0.046875
