0 0.052083 0.306481 0.015625 0.029630
0 0.094792 0.579630 0.028125 0.024074
2 0.151042 0.369444 0.057292 0.092593
1 0.178646 0.690741 0.016667 0.005556
2 0.251042 0.573148 0.026042 0.062963
1 0.471875 0.041667 0.028125 0.011111
2 0.643490 0.295370 0.025521 0.044444
0 0.640104 0.324074 0.010417 0.064815
0 0.750000 0.681481 0.038542 0.050000
0 0.822396 0.688889 0.008333 0.038889
1 0.853906 0.080556 0.010937 0.007407
0 0.861198 0.225000 0.004687 0.022222
0 0.895833 0.636111 0.034375 0.022222
2 0.923438 0.084259 0.025000 0.066667
1 0.919271 0.908333 0.012500 0.018519
