2 0.033854 0.616667 0.062500 0.053704
2 0.174740 0.839815 0.038021 0.144444
2 0.242188 0.062037 0.056250 0.055556
0 0.278125 0.121296 0.021875 0.011111
2 0.326562 0.780556 0.062500 0.062963
2 0.433333 0.530556 0.184375 0.311111
2 0.547396 0.815741 0.093750 0.144444
1 0.531771 0.275926 0.006250 0.009259
0 0.543229 0.625926 0.012500 0.020370
2 0.657292 0.140741 0.213542 0.209259
0 0.556250 0.100000 0.009375 0.024074
0 0.558333 0.741667 0.009375 0.044444
0 0.877604 0.847222 0.052083 0.037037
1 0.870833 0.762037 0.005208 0.022222
0 0.970052 0.107407 0.024479 0.005556
