1 0.065885 0.051852 0.016146 0.005556
0 0.132812 0.394444 0.029167 0.020370
0 0.201042 0.608333 0.034375 0.007407
0 0.300000 0.080556 0.038542 0.022222
2 0.314844 0.865741 0.050521 0.137037
1 0.336458 0.844444 0.011458 0.024074
2 0.458333 0.774074 0.032292 0.094444
0 0.524479 0.183796 0.022917 0.008333
0 0.581250 0.696759 0.030208 0.012037
0 0.594010 0.771296 0.021354 0.025926
2 0.625781 0.655556 0.069271 0.035185
2 0.754167 0.303704 0.217708 0.212963
2 0.750260 0.900926 0.054688 0.144444
0 0.759896 0.851852 0.008333 0.012963
2 0.827083 0.079630 0.086458 0.024074
2 0.848958 0.597222 0.051042 0.100000
0 0.923177 0.101852 0.009896 0.005556
