2 0.058730 0.805664 0.093651 0.050781
0 0.061111 0.505859 0.047619 0.064453
1 0.144444 0.924805 0.011111 0.011719
1 0.273810 0.134766 0.006349 0.021484
1 0.306349 0.477539 0.014286 0.015625
2 0.473016 0.476562 0.211111 0.474609
0 0.412698 0.578125 0.046032 0.095703
0 0.463095 0.387695 0.008730 0.011719
2 0.445238 0.491211 0.031746 0.035156
2 0.529365 0.443359 0.041270 0.111328
2 0.626190 0.061523 0.114286 0.078125
2 0.634921 0.709961 0.074603 0.199219
0 0.684524 0.186523 0.021429 0.023438
0 0.796825 0.322266 0.058730 0.072266
2 0.851587 0.567383 0.107937 0.148438
2 0.918651 0.228516 0.073810 0.087891
1 0.930159 0.868164 0.049206 0.050781
