0 0.088095 0.524414 0.076190 0.050781
2 0.230952 0.661133 0.177778 0.203125
0 0.189286 0.955078 0.053175 0.021484
2 0.500794 0.353516 0.292063 0.337891
2 0.469048 0.696289 0.228571 0.183594
0 0.401984 0.327148 0.032540 0.027344
0 0.486508 0.133789 0.073016 0.046875
2 0.536508 0.242188 0.090476 0.087891
2 0.606349 0.691406 0.188889 0.185547
0 0.553175 0.914062 0.031746 0.029297
2 0.559524 0.310547 0.031746 0.056641
0 0.734921 0.297852 0.039683 0.097656
2 0.765873 0.630859 0.044444 0.130859
2 0.838889 0.208008 0.168254 0.390625
