0 0.279365 0.325195 0.084127 0.113281
2 0.273016 0.777344 0.074603 0.138672
1 0.303175 0.455078 0.055556 0.029297
0 0.338095 0.708984 0.026984 0.048828
2 0.408730 0.681641 0.117460 0.111328
2 0.444444 0.059570 0.065079 0.093750
2 0.465079 0.476562 0.058730 0.080078
2 0.537302 0.810547 0.060317 0.087891
1 0.562698 0.326172 0.009524 0.013672
0 0.675397 0.190430 0.034921 0.058594
2 0.713492 0.730469 0.047619 0.087891
2 0.798413 0.356445 0.160317 0.199219
1 0.856349 0.789062 0.009524 0.017578
1 0.880159 0.759766 0.009524 0.013672
