2 0.051587 0.137695 0.041270 0.093750
2 0.062698 0.074219 0.057143 0.126953
2 0.123810 0.230469 0.080952 0.060547
2 0.134127 0.146484 0.028571 0.138672
2 0.173016 0.749023 0.080952 0.109375
0 0.360317 0.890625 0.036508 0.072266
0 0.375397 0.416016 0.047619 0.044922
1 0.489683 0.342773 0.073016 0.152344
1 0.524603 0.930664 0.022222 0.019531
0 0.521825 0.836914 0.013492 0.023438
0 0.551587 0.790039 0.044444 0.062500
0 0.614286 0.938477 0.023810 0.089844
1 0.640476 0.941895 0.022222 0.020508
1 0.834127 0.947266 0.012698 0.017578
1 0.850794 0.019531 0.007937 0.009766
0 0.900794 0.205078 0.069841 0.056641
0 0.903175 0.900391 0.023810 0.060547
