2 0.185938 0.755556 0.072917 0.042593
2 0.170313 0.502778 0.039583 0.055556
2 0.336458 0.142593 0.092708 0.053704
2 0.331771 0.865741 0.027083 0.070370
2 0.424479 0.060185 0.164583 0.048148
1 0.407031 0.887963 0.017188 0.007407
0 0.561979 0.801852 0.020833 0.009259
1 0.681771 0.788889 0.006250 0.009259
0 0.759635 0.188889 0.020313 0.020370
2 0.850000 0.203704 0.080208 0.275926
0 0.836458 0.311111 0.019792 0.024074
2 0.894271 0.368056 0.129167 0.147222
0 0.943750 0.143519 0.051042 0.033333
2 0.935417 0.713889 0.026042 0.062963
0 0.940625 0.512963 0.011458 0.057407
