2 0.210317 0.750000 0.057143 0.115234
0 0.240873 0.713867 0.065873 0.062500
0 0.257937 0.142578 0.012698 0.044922
1 0.319048 0.399414 0.122222 0.093750
2 0.309524 0.725586 0.052381 0.078125
1 0.319841 0.605469 0.009524 0.013672
2 0.366667 0.883789 0.093651 0.105469
0 0.357937 0.510742 0.042857 0.121094
2 0.605556 0.826172 0.085714 0.126953
0 0.609524 0.840820 0.058730 0.039062
2 0.788095 0.660156 0.193651 0.388672
2 0.773016 0.632812 0.100000 0.052734
2 0.758730 0.533203 0.046032 0.083984
0 0.930952 0.255859 0.038095 0.099609
