2 0.120052 0.120370 0.047396 0.024074
0 0.413542 0.748611 0.036458 0.008333
2 0.417708 0.575000 0.034375 0.129630
0 0.418750 0.451852 0.030208 0.012963
1 0.462500 0.754630 0.005208 0.011111
2 0.483073 0.373148 0.040104 0.070370
0 0.604688 0.696296 0.008333 0.012963
0 0.633854 0.792593 0.052083 0.009259
2 0.670312 0.601852 0.075000 0.083333
0 0.690625 0.903704 0.042708 0.012963
2 0.716146 0.197222 0.031250 0.081481
0 0.713021 0.237963 0.020833 0.059259
2 0.817708 0.181481 0.028125 0.105556
1 0.894792 0.912963 0.005208 0.024074
