1 0.076984 0.934570 0.038095 0.050781
1 0.100000 0.811523 0.014286 0.015625
0 0.165873 0.152344 0.038095 0.060547
2 0.240476 0.591797 0.107937 0.193359
2 0.242063 0.139648 0.082540 0.082031
2 0.330159 0.174805 0.065079 0.054688
0 0.357143 0.392578 0.023810 0.068359
1 0.381349 0.075195 0.008730 0.011719
2 0.488095 0.797852 0.149206 0.117188
0 0.428571 0.407227 0.014286 0.050781
1 0.463492 0.186523 0.017460 0.070312
0 0.505556 0.471680 0.025397 0.136719
0 0.538095 0.158203 0.058730 0.041016
0 0.653175 0.916016 0.028571 0.099609
2 0.708730 0.766602 0.079365 0.101562
1 0.704762 0.685547 0.017460 0.013672
0 0.780159 0.496094 0.022222 0.087891
1 0.830159 0.295898 0.020635 0.015625
0 0.907143 0.491211 0.126984 0.042969
