1 0.078646 0.166667 0.006250 0.009259
1 0.098437 0.849074 0.008333 0.007407
0 0.134375 0.237963 0.034375 0.029630
2 0.190625 0.443519 0.090625 0.025926
0 0.229687 0.225926 0.033333 0.012963
2 0.393750 0.615741 0.213542 0.207407
1 0.333594 0.069444 0.011979 0.007407
2 0.406510 0.726852 0.028646 0.085185
2 0.426823 0.775000 0.017188 0.051852
2 0.447396 0.115741 0.052083 0.181481
2 0.482292 0.348148 0.030208 0.112963
0 0.560937 0.891667 0.041667 0.018519
2 0.748437 0.132407 0.104167 0.059259
2 0.752083 0.333333 0.034375 0.083333
2 0.797917 0.629630 0.019792 0.075926
0 0.852083 0.953704 0.011458 0.005556
2 0.858854 0.176852 0.022917 0.059259
0 0.887500 0.434259 0.011458 0.033333
