1 0.022396 0.250926 0.012500 0.033333
1 0.032292 0.793519 0.007292 0.007407
0 0.177083 0.867593 0.028125 0.018519
2 0.235937 0.832407 0.045833 0.044444
2 0.252083 0.525926 0.042708 0.090741
0 0.295312 0.575000 0.041667 0.051852
2 0.310937 0.666667 0.062500 0.064815
1 0.440104 0.420370 0.010417 0.016667
0 0.483854 0.872222 0.025000 0.024074
0 0.571354 0.805556 0.041667 0.027778
0 0.575000 0.301852 0.040625 0.012963
1 0.579688 0.940741 0.006250 0.020370
2 0.676562 0.208333 0.054167 0.185185
2 0.846875 0.735185 0.092708 0.053704
1 0.886198 0.723148 0.010937 0.007407
1 0.893750 0.866667 0.013542 0.009259
