0 0.189683 0.940430 0.073016 0.058594
0 0.225397 0.750977 0.055556 0.085938
2 0.391667 0.940430 0.073810 0.058594
0 0.508730 0.679688 0.047619 0.068359
2 0.658730 0.541992 0.207937 0.164062
0 0.571429 0.721680 0.017460 0.050781
2 0.624603 0.339844 0.117460 0.158203
2 0.639683 0.585938 0.125397 0.080078
0 0.671429 0.269531 0.026984 0.072266
0 0.711905 0.162109 0.047619 0.115234
2 0.794444 0.405273 0.149206 0.074219
2 0.789683 0.865234 0.088889 0.087891
1 0.826984 0.116211 0.087302 0.015625
1 0.827381 0.749023 0.034127 0.093750
0 0.859524 0.817383 0.076190 0.117188
