1 0.037760 0.242593 0.018229 0.005556
2 0.183333 0.933333 0.040625 0.057407
1 0.180729 0.229630 0.014583 0.009259
2 0.225521 0.698148 0.097917 0.146296
0 0.297396 0.262963 0.037500 0.009259
2 0.293229 0.187963 0.022917 0.048148
1 0.301563 0.826852 0.004167 0.018519
2 0.427083 0.807407 0.192708 0.250000
2 0.570312 0.632407 0.327083 0.318519
2 0.570833 0.124074 0.094792 0.053704
2 0.603125 0.247222 0.082292 0.133333
2 0.636719 0.452778 0.028646 0.085185
2 0.909896 0.796296 0.156250 0.153704
0 0.972917 0.590278 0.009375 0.013889
