1 0.024603 0.906250 0.009524 0.068359
0 0.055556 0.135742 0.030159 0.023438
0 0.096429 0.228516 0.081746 0.091797
1 0.228571 0.910645 0.020635 0.020508
0 0.286508 0.315430 0.050794 0.070312
0 0.336508 0.060547 0.014286 0.048828
0 0.347619 0.810547 0.023810 0.029297
1 0.379365 0.066406 0.014286 0.025391
0 0.416667 0.245117 0.012698 0.039062
2 0.538889 0.242188 0.228571 0.158203
2 0.487302 0.765625 0.077778 0.150391
1 0.458730 0.087891 0.017460 0.017578
1 0.626984 0.875000 0.014286 0.013672
0 0.694444 0.197266 0.066667 0.041016
0 0.672222 0.420898 0.019048 0.187500
0 0.703175 0.879883 0.071429 0.031250
0 0.720238 0.462891 0.051587 0.060547
2 0.753968 0.889648 0.084127 0.109375
0 0.918254 0.922852 0.041270 0.023438
1 0.928571 0.689453 0.017460 0.017578
