2 0.109524 0.408203 0.147619 0.099609
0 0.088492 0.871094 0.026190 0.025391
2 0.126190 0.657227 0.044444 0.035156
1 0.211508 0.392578 0.011905 0.017578
0 0.296032 0.037109 0.069841 0.037109
0 0.398413 0.670898 0.049206 0.035156
0 0.487302 0.713867 0.026984 0.050781
2 0.496429 0.364258 0.038889 0.050781
0 0.517460 0.915039 0.077778 0.039062
2 0.623016 0.322754 0.098413 0.067383
1 0.619841 0.751953 0.019048 0.021484
0 0.721429 0.629883 0.044444 0.058594
2 0.839683 0.735352 0.198413 0.277344
0 0.761508 0.848633 0.013492 0.031250
2 0.839683 0.524414 0.153968 0.132812
0 0.781349 0.820312 0.029365 0.013672
1 0.926587 0.213867 0.015079 0.019531
