0 0.133854 0.800000 0.014583 0.042593
0 0.176563 0.735648 0.025000 0.026852
2 0.251563 0.821296 0.039583 0.037037
1 0.267708 0.798148 0.011458 0.031481
0 0.270313 0.762963 0.010417 0.031481
1 0.476562 0.558333 0.012500 0.011111
0 0.557813 0.125000 0.014583 0.040741
2 0.603125 0.259259 0.092708 0.320370
0 0.644792 0.525463 0.021875 0.006481
0 0.678125 0.385185 0.026042 0.024074
0 0.684896 0.872222 0.020833 0.009259
0 0.690625 0.428241 0.030208 0.034259
2 0.787500 0.496296 0.071875 0.042593
0 0.871354 0.840741 0.025000 0.005556
