2 0.115079 0.591797 0.095238 0.111328
0 0.088889 0.441406 0.030159 0.037109
2 0.145238 0.517578 0.057143 0.044922
0 0.277778 0.742188 0.150794 0.169922
2 0.273016 0.610352 0.084127 0.144531
0 0.269048 0.472656 0.038095 0.052734
1 0.326190 0.871094 0.012698 0.017578
0 0.625397 0.309570 0.036508 0.093750
0 0.728571 0.817383 0.071429 0.058594
1 0.761508 0.089844 0.016667 0.017578
2 0.813492 0.726562 0.060317 0.052734
2 0.806349 0.520508 0.030159 0.062500
1 0.826984 0.836914 0.030159 0.031250
0 0.915873 0.162109 0.017460 0.025391
1 0.934127 0.924805 0.028571 0.015625
