1 0.061905 0.226562 0.014286 0.017578
0 0.186508 0.932617 0.028571 0.039062
2 0.254762 0.809570 0.136508 0.210938
2 0.275397 0.840820 0.076190 0.156250
0 0.271429 0.492188 0.023810 0.041016
2 0.354762 0.517578 0.038095 0.048828
0 0.366667 0.388672 0.055556 0.044922
0 0.509524 0.621094 0.030159 0.095703
0 0.530159 0.640625 0.049206 0.099609
0 0.577778 0.363281 0.100000 0.119141
2 0.584921 0.699219 0.053968 0.107422
0 0.668254 0.500977 0.068254 0.031250
0 0.740476 0.534180 0.057143 0.054688
0 0.795238 0.426758 0.030159 0.054688
0 0.857143 0.461914 0.080952 0.039062
0 0.871429 0.319336 0.042857 0.050781
