1 0.075000 0.228704 0.023958 0.007407
0 0.114062 0.095370 0.031250 0.018519
2 0.130729 0.571296 0.039583 0.018519
1 0.235156 0.541667 0.006771 0.014815
2 0.273438 0.351852 0.062500 0.035185
2 0.262500 0.461111 0.028125 0.079630
0 0.256250 0.272222 0.011458 0.072222
1 0.352604 0.725463 0.008333 0.013889
2 0.366667 0.295370 0.028125 0.100000
2 0.389583 0.209259 0.061458 0.090741
0 0.544271 0.587037 0.012500 0.020370
2 0.673438 0.743519 0.210417 0.351852
2 0.672917 0.197222 0.063542 0.048148
1 0.695312 0.314815 0.006250 0.024074
0 0.935417 0.907407 0.019792 0.057407
