1 0.073810 0.391602 0.063492 0.082031
2 0.169048 0.138672 0.158730 0.150391
0 0.188889 0.369141 0.052381 0.029297
1 0.230159 0.296875 0.061905 0.029297
0 0.343254 0.845703 0.027778 0.080078
2 0.361111 0.494141 0.060317 0.029297
2 0.438095 0.752930 0.179365 0.425781
1 0.373810 0.533203 0.012698 0.005859
2 0.423016 0.368164 0.101587 0.074219
1 0.453175 0.110352 0.022222 0.023438
0 0.569841 0.287109 0.131746 0.044922
2 0.573016 0.447266 0.125397 0.056641
1 0.530556 0.535156 0.015079 0.017578
1 0.533333 0.285156 0.017460 0.021484
0 0.566667 0.507812 0.026984 0.087891
0 0.759524 0.448242 0.044444 0.070312
1 0.749206 0.078125 0.011111 0.052734
1 0.865079 0.548828 0.023810 0.025391
