1 0.039683 0.821289 0.026984 0.027344
0 0.181746 0.161133 0.079365 0.121094
2 0.334127 0.442383 0.231746 0.207031
2 0.273016 0.937500 0.052381 0.080078
2 0.365873 0.830078 0.187302 0.138672
0 0.305556 0.781250 0.019048 0.013672
1 0.364286 0.169922 0.028571 0.029297
1 0.377778 0.400391 0.026984 0.029297
1 0.391270 0.949219 0.041270 0.033203
2 0.423016 0.891602 0.082540 0.078125
0 0.406349 0.059570 0.030159 0.050781
1 0.631746 0.574219 0.014286 0.009766
2 0.657540 0.711914 0.051587 0.054688
2 0.797619 0.816406 0.117460 0.193359
1 0.808730 0.662109 0.044444 0.041016
0 0.813492 0.188477 0.034921 0.046875
2 0.832540 0.355469 0.038095 0.080078
0 0.866667 0.757812 0.007937 0.021484
2 0.953968 0.789062 0.055556 0.107422
