2 0.105556 0.521484 0.101587 0.099609
0 0.201190 0.840332 0.038889 0.020508
0 0.202381 0.637695 0.022222 0.082031
0 0.269048 0.924805 0.050794 0.042969
2 0.504762 0.686523 0.373016 0.417969
2 0.634921 0.592773 0.538095 0.398438
2 0.407937 0.289062 0.065079 0.064453
2 0.420635 0.115723 0.026984 0.028320
1 0.613889 0.107422 0.024603 0.072266
0 0.628571 0.095703 0.055556 0.060547
1 0.689683 0.528320 0.015873 0.015625
1 0.806349 0.208008 0.160317 0.179688
1 0.874603 0.585938 0.014286 0.009766
2 0.924603 0.096680 0.060317 0.117188
