2 0.138492 0.801758 0.123016 0.109375
1 0.156349 0.412109 0.028571 0.025391
2 0.217460 0.665039 0.023810 0.054688
2 0.426984 0.277344 0.334921 0.150391
1 0.283333 0.210938 0.022222 0.013672
0 0.399603 0.326172 0.032540 0.060547
2 0.475397 0.285156 0.114286 0.169922
0 0.515079 0.369141 0.149206 0.044922
0 0.534127 0.887695 0.050794 0.066406
1 0.523016 0.395508 0.022222 0.023438
2 0.678571 0.438477 0.133333 0.281250
1 0.626190 0.216797 0.009524 0.013672
2 0.787302 0.308594 0.296825 0.275391
1 0.915873 0.568359 0.011111 0.013672
