0 0.133854 0.310185 0.014583 0.040741
0 0.136198 0.930556 0.010937 0.033333
0 0.274479 0.746296 0.039583 0.020370
1 0.299479 0.255556 0.004167 0.020370
0 0.351562 0.253704 0.010417 0.009259
2 0.446354 0.246296 0.158333 0.209259
0 0.384375 0.484259 0.009375 0.055556
2 0.488542 0.287037 0.086458 0.127778
2 0.569792 0.688889 0.084375 0.290741
1 0.665625 0.871296 0.009375 0.014815
2 0.845313 0.286111 0.183333 0.177778
0 0.918490 0.828704 0.030729 0.040741
0 0.928125 0.162963 0.026042 0.012963
0 0.955469 0.521296 0.021354 0.025926
