2 0.098437 0.689815 0.166667 0.218519
2 0.035937 0.739815 0.029167 0.107407
2 0.133854 0.726852 0.112500 0.166667
0 0.265104 0.747222 0.029167 0.033333
2 0.557292 0.285185 0.148958 0.079630
1 0.590104 0.231481 0.006250 0.009259
1 0.594792 0.917593 0.028125 0.011111
2 0.632812 0.520370 0.066667 0.038889
2 0.696615 0.762963 0.022396 0.031481
2 0.742448 0.082407 0.038021 0.144444
2 0.788542 0.879630 0.055208 0.050000
0 0.790104 0.567593 0.012500 0.077778
2 0.873437 0.530556 0.081250 0.085185
0 0.857292 0.149074 0.032292 0.022222
