2 0.078571 0.150391 0.117460 0.134766
2 0.115873 0.590820 0.074603 0.148438
0 0.127778 0.390625 0.044444 0.080078
2 0.287302 0.738281 0.274603 0.134766
2 0.475397 0.853516 0.076190 0.072266
1 0.469841 0.343750 0.011111 0.021484
0 0.536508 0.202637 0.061905 0.026367
2 0.642063 0.539062 0.174603 0.091797
2 0.779365 0.622070 0.128571 0.554688
0 0.761111 0.519531 0.034921 0.095703
0 0.767460 0.108398 0.038095 0.023438
0 0.819841 0.872070 0.031746 0.066406
1 0.834921 0.544922 0.026984 0.013672
0 0.860317 0.251953 0.033333 0.044922
2 0.888889 0.186523 0.084127 0.085938
1 0.879365 0.957031 0.026984 0.029297
2 0.923810 0.680664 0.055556 0.078125
