2 0.162698 0.666992 0.260317 0.148438
0 0.202381 0.685547 0.034921 0.029297
0 0.200000 0.400391 0.023810 0.048828
1 0.252381 0.475586 0.011111 0.019531
2 0.342857 0.831055 0.147619 0.175781
2 0.353968 0.533203 0.160317 0.541016
2 0.343651 0.233398 0.044444 0.089844
1 0.503175 0.595215 0.090476 0.026367
0 0.500794 0.399414 0.082540 0.035156
1 0.492857 0.120117 0.041270 0.046875
1 0.561905 0.750977 0.023810 0.042969
1 0.712698 0.283203 0.049206 0.013672
0 0.735714 0.718750 0.088889 0.130859
2 0.726190 0.762695 0.060317 0.066406
0 0.763095 0.193359 0.051587 0.064453
