2 0.028571 0.194336 0.052381 0.027344
2 0.380952 0.525391 0.468254 0.337891
2 0.236508 0.334961 0.106349 0.105469
1 0.282540 0.622070 0.026984 0.050781
0 0.361111 0.236328 0.034921 0.029297
2 0.378571 0.735352 0.066667 0.167969
2 0.631746 0.551758 0.420635 0.410156
0 0.507143 0.932617 0.019048 0.027344
0 0.611905 0.117188 0.015873 0.029297
2 0.703175 0.261719 0.160317 0.189453
1 0.634921 0.565430 0.017460 0.031250
2 0.676190 0.075195 0.080952 0.089844
2 0.751587 0.432617 0.200000 0.507812
2 0.885714 0.214844 0.080952 0.150391
