1 0.071429 0.060547 0.007937 0.013672
2 0.167063 0.188477 0.119841 0.125000
1 0.127778 0.881836 0.009524 0.023438
2 0.369841 0.315430 0.347619 0.203125
1 0.209127 0.968750 0.016667 0.037109
2 0.254365 0.193359 0.084921 0.150391
2 0.378175 0.703125 0.088095 0.162109
2 0.477778 0.689453 0.061905 0.029297
0 0.709524 0.494141 0.144444 0.044922
0 0.678571 0.883789 0.025397 0.046875
0 0.720635 0.693359 0.033333 0.029297
2 0.817460 0.862305 0.122222 0.062500
2 0.828571 0.737305 0.103175 0.175781
2 0.915079 0.931641 0.044444 0.056641
0 0.917460 0.328125 0.019048 0.052734
