2 0.085714 0.603516 0.061905 0.177734
0 0.154762 0.522461 0.015873 0.089844
1 0.281349 0.574219 0.015079 0.029297
1 0.276190 0.939453 0.011111 0.013672
0 0.298016 0.077148 0.038889 0.011719
1 0.297619 0.443359 0.019048 0.021484
1 0.426984 0.913086 0.014286 0.015625
2 0.715079 0.480469 0.450794 0.384766
2 0.525397 0.139648 0.068254 0.257812
1 0.611905 0.846680 0.007937 0.019531
0 0.665476 0.706055 0.078571 0.085938
2 0.738095 0.112305 0.176190 0.121094
1 0.684921 0.493164 0.012698 0.011719
0 0.857937 0.105469 0.009524 0.126953
