1 0.085714 0.382812 0.007937 0.013672
0 0.180952 0.583984 0.055556 0.068359
2 0.285714 0.214844 0.195238 0.162109
2 0.434127 0.219727 0.050794 0.218750
0 0.420635 0.957031 0.023810 0.037109
0 0.504762 0.919922 0.052381 0.025391
1 0.531349 0.120117 0.016667 0.015625
2 0.568254 0.240234 0.084127 0.072266
2 0.618254 0.655273 0.149206 0.175781
2 0.618651 0.926758 0.019841 0.062500
1 0.642857 0.955566 0.039683 0.016602
2 0.682540 0.687500 0.046032 0.158203
0 0.749206 0.444336 0.061905 0.074219
2 0.796825 0.221680 0.122222 0.246094
2 0.913492 0.464844 0.092063 0.056641
