0 0.071429 0.501953 0.036508 0.072266
0 0.084127 0.914062 0.017460 0.037109
1 0.099206 0.297852 0.015873 0.046875
0 0.131746 0.208984 0.049206 0.064453
0 0.227778 0.231445 0.038095 0.035156
0 0.232540 0.500488 0.022222 0.016602
1 0.348413 0.500000 0.034921 0.048828
1 0.352381 0.469727 0.017460 0.015625
0 0.477778 0.799805 0.036508 0.121094
2 0.553968 0.871582 0.046032 0.024414
2 0.792857 0.453125 0.142857 0.400391
0 0.757937 0.125000 0.022222 0.029297
0 0.892063 0.932617 0.084127 0.050781
0 0.968651 0.542969 0.023016 0.037109
