2 0.060317 0.362305 0.096825 0.050781
1 0.064286 0.321289 0.012698 0.011719
0 0.226190 0.794922 0.034921 0.029297
1 0.219444 0.478516 0.016667 0.017578
2 0.507143 0.308594 0.422222 0.470703
0 0.386508 0.683594 0.177778 0.072266
0 0.329762 0.655273 0.059524 0.042969
1 0.457540 0.083496 0.072222 0.077148
2 0.435714 0.908203 0.044444 0.033203
1 0.499206 0.019531 0.012698 0.021484
2 0.626984 0.875977 0.087302 0.171875
1 0.615079 0.225586 0.028571 0.031250
0 0.676984 0.091797 0.085714 0.111328
2 0.717460 0.416992 0.073016 0.054688
0 0.719048 0.325195 0.049206 0.089844
2 0.761905 0.580078 0.100000 0.208984
