1 0.153175 0.873047 0.015873 0.029297
0 0.169048 0.787109 0.028571 0.068359
1 0.175397 0.341797 0.009524 0.017578
1 0.225397 0.077148 0.036508 0.039062
1 0.345635 0.739258 0.021429 0.105469
2 0.471429 0.806641 0.214286 0.138672
1 0.406746 0.460938 0.032540 0.013672
1 0.406349 0.422852 0.023810 0.031250
1 0.445635 0.152344 0.013492 0.017578
2 0.623016 0.447266 0.165079 0.345703
1 0.571429 0.162109 0.026984 0.021484
1 0.599206 0.570312 0.019048 0.021484
2 0.946825 0.734375 0.063492 0.099609
1 0.982540 0.875977 0.007937 0.011719
