1 0.029365 0.842773 0.026984 0.070312
0 0.230952 0.696289 0.053968 0.062500
0 0.266667 0.161133 0.023810 0.046875
0 0.279365 0.318359 0.023810 0.029297
0 0.306349 0.500000 0.039683 0.162109
2 0.348413 0.847168 0.095238 0.065430
1 0.403175 0.632812 0.011111 0.025391
1 0.426984 0.223633 0.036508 0.054688
1 0.469841 0.174805 0.023810 0.023438
2 0.498413 0.491211 0.068254 0.078125
0 0.622222 0.874023 0.049206 0.132812
1 0.673016 0.394531 0.007937 0.009766
0 0.730159 0.115723 0.039683 0.040039
2 0.848413 0.456055 0.219048 0.226562
