0 0.064062 0.691667 0.029167 0.018519
0 0.092188 0.329630 0.016667 0.046296
1 0.095052 0.914352 0.005729 0.010185
2 0.149479 0.486111 0.075000 0.055556
2 0.329948 0.725000 0.024479 0.051852
0 0.338542 0.290741 0.011458 0.061111
0 0.420573 0.600000 0.009896 0.061111
2 0.510677 0.557407 0.056771 0.150000
0 0.510938 0.711111 0.041667 0.016667
0 0.555208 0.347222 0.040625 0.011111
2 0.608333 0.060185 0.111458 0.059259
0 0.609896 0.517593 0.012500 0.037037
1 0.817708 0.683333 0.009375 0.009259
2 0.951042 0.711111 0.038542 0.105556
