2 0.173810 0.325195 0.149206 0.210938
2 0.176984 0.637695 0.123810 0.058594
0 0.140476 0.260742 0.015873 0.050781
2 0.205556 0.489258 0.092063 0.105469
1 0.176587 0.223633 0.011905 0.031250
2 0.246825 0.412109 0.057143 0.091797
2 0.292857 0.724609 0.031746 0.083984
1 0.452381 0.240234 0.022222 0.029297
1 0.532540 0.228516 0.012698 0.033203
1 0.536508 0.510742 0.007937 0.019531
1 0.580952 0.514648 0.020635 0.039062
2 0.592063 0.488281 0.030159 0.029297
0 0.658730 0.704102 0.017460 0.027344
0 0.682540 0.623047 0.033333 0.064453
0 0.772222 0.892578 0.073016 0.115234
0 0.915079 0.058594 0.022222 0.060547
0 0.958730 0.167969 0.007937 0.029297
