1 0.017708 0.049074 0.009375 0.014815
0 0.051562 0.908333 0.027083 0.007407
1 0.077604 0.808796 0.008333 0.013889
0 0.240104 0.388889 0.054167 0.038889
0 0.259896 0.887963 0.016667 0.040741
2 0.337500 0.200926 0.069792 0.070370
0 0.352083 0.103704 0.026042 0.053704
0 0.510417 0.703704 0.023958 0.005556
1 0.697396 0.930556 0.027083 0.011111
0 0.744271 0.519444 0.079167 0.014815
1 0.795573 0.455556 0.008854 0.005556
2 0.825000 0.917593 0.063542 0.048148
2 0.861979 0.089815 0.072917 0.118519
0 0.878385 0.261111 0.023438 0.031481
