0 0.042063 0.551758 0.034921 0.042969
2 0.325397 0.389648 0.382540 0.503906
0 0.207143 0.519531 0.025397 0.056641
1 0.281746 0.635742 0.022222 0.023438
1 0.330952 0.350586 0.019048 0.023438
2 0.405556 0.425781 0.069841 0.208984
1 0.443651 0.111328 0.009524 0.009766
1 0.466667 0.587891 0.017460 0.017578
2 0.515873 0.653320 0.039683 0.078125
2 0.562698 0.321289 0.073016 0.089844
2 0.587302 0.304688 0.087302 0.103516
0 0.625397 0.140625 0.017460 0.029297
0 0.742063 0.481445 0.193651 0.085938
1 0.658333 0.520508 0.013492 0.011719
1 0.707937 0.606445 0.080952 0.039062
0 0.866667 0.312500 0.042857 0.048828
