2 0.165079 0.550781 0.112698 0.263672
2 0.230159 0.680664 0.084127 0.062500
2 0.292063 0.719727 0.119048 0.144531
0 0.363492 0.512695 0.061905 0.039062
0 0.466667 0.171875 0.065079 0.041016
1 0.467460 0.217773 0.012698 0.050781
1 0.533333 0.581055 0.023810 0.027344
2 0.663492 0.687500 0.211111 0.068359
2 0.589286 0.917480 0.062698 0.061523
1 0.584127 0.218750 0.023810 0.017578
1 0.612698 0.571289 0.023810 0.027344
2 0.796032 0.667969 0.057143 0.166016
0 0.797619 0.365234 0.022222 0.044922
0 0.815873 0.213867 0.052381 0.070312
1 0.925397 0.252930 0.014286 0.031250
