0 0.017448 0.130556 0.025521 0.007407
0 0.018750 0.612037 0.015625 0.007407
2 0.040625 0.618519 0.030208 0.087037
2 0.134896 0.516667 0.020833 0.064815
2 0.528646 0.707407 0.779167 0.472222
2 0.239583 0.523148 0.190625 0.188889
2 0.182292 0.473148 0.069792 0.114815
0 0.288542 0.684259 0.017708 0.014815
2 0.335417 0.296296 0.086458 0.072222
2 0.333594 0.755556 0.056771 0.150000
2 0.428125 0.461111 0.059375 0.061111
2 0.502604 0.801852 0.062500 0.068519
2 0.640104 0.242593 0.060417 0.090741
0 0.645833 0.481481 0.015625 0.009259
0 0.684896 0.578704 0.035417 0.022222
2 0.715104 0.383333 0.066667 0.098148
2 0.759375 0.143519 0.040625 0.044444
