2 0.053125 0.900926 0.059375 0.059259
0 0.053125 0.812500 0.011458 0.017593
0 0.079167 0.032407 0.040625 0.011111
2 0.117188 0.895370 0.018750 0.044444
0 0.131250 0.385185 0.009375 0.027778
0 0.158854 0.072222 0.035417 0.020370
2 0.207292 0.767593 0.088542 0.025926
2 0.226562 0.687963 0.050000 0.077778
0 0.357812 0.028704 0.016667 0.014815
0 0.373698 0.248148 0.010937 0.035185
2 0.432552 0.251852 0.014063 0.038889
0 0.526042 0.587037 0.021875 0.038889
2 0.596875 0.472222 0.134375 0.038889
0 0.674479 0.600000 0.020833 0.009259
1 0.752604 0.886111 0.010417 0.022222
1 0.841146 0.136111 0.027083 0.007407
