2 0.052083 0.769444 0.046875 0.092593
0 0.087500 0.186111 0.017708 0.033333
0 0.266667 0.268519 0.015625 0.009259
0 0.363021 0.044444 0.012500 0.061111
2 0.737500 0.166667 0.188542 0.183333
0 0.667188 0.950000 0.029167 0.016667
2 0.676302 0.947222 0.034896 0.033333
0 0.686719 0.058333 0.007812 0.055556
0 0.767708 0.093981 0.040625 0.043519
0 0.842708 0.886111 0.044792 0.007407
0 0.852083 0.286111 0.028125 0.029630
1 0.880208 0.699074 0.007292 0.007407
1 0.895052 0.931481 0.007812 0.005556
1 0.903125 0.436111 0.009375 0.007407
