1 0.009896 0.606481 0.008333 0.007407
2 0.070833 0.592593 0.105208 0.061111
0 0.125521 0.406481 0.025000 0.048148
2 0.317708 0.812963 0.198958 0.335185
0 0.262500 0.091204 0.032292 0.012037
0 0.361458 0.392593 0.028125 0.016667
0 0.404687 0.386111 0.035417 0.040741
0 0.691406 0.854630 0.030729 0.040741
0 0.718229 0.866667 0.022917 0.031481
2 0.851562 0.194444 0.204167 0.338889
1 0.761719 0.161111 0.005729 0.009259
2 0.865885 0.367593 0.070312 0.037037
2 0.950000 0.388889 0.071875 0.042593
0 0.920312 0.958333 0.008333 0.044444
0 0.946354 0.748148 0.033333 0.020370
1 0.941667 0.437037 0.015625 0.005556
