2 0.102604 0.950000 0.068750 0.061111
2 0.235417 0.669444 0.263542 0.259259
2 0.182552 0.538889 0.019271 0.035185
0 0.230729 0.650000 0.027083 0.009259
0 0.406771 0.212037 0.027083 0.007407
2 0.555208 0.099074 0.201042 0.196296
0 0.549479 0.718519 0.022917 0.042593
0 0.695312 0.338889 0.014583 0.012963
2 0.798958 0.650000 0.165625 0.216667
0 0.740625 0.563889 0.011458 0.040741
0 0.786458 0.592593 0.019792 0.016667
1 0.788021 0.020370 0.006250 0.024074
0 0.815885 0.119444 0.025521 0.033333
2 0.867188 0.437963 0.020833 0.055556
