1 0.068254 0.479492 0.033333 0.042969
2 0.093651 0.151367 0.046032 0.140625
0 0.077778 0.557617 0.014286 0.027344
1 0.184921 0.124023 0.098413 0.144531
0 0.219841 0.552734 0.041270 0.013672
2 0.292063 0.728516 0.176190 0.119141
2 0.492063 0.074219 0.147619 0.080078
0 0.482540 0.611816 0.033333 0.032227
0 0.583333 0.796875 0.126984 0.126953
2 0.753968 0.318359 0.173016 0.087891
0 0.822222 0.642578 0.026984 0.056641
2 0.871429 0.729492 0.077778 0.058594
0 0.853175 0.244141 0.015873 0.025391
2 0.919841 0.165039 0.133333 0.093750
1 0.914286 0.412109 0.014286 0.013672
0 0.961905 0.095703 0.020635 0.056641
