0 0.098177 0.262963 0.021354 0.027778
0 0.125000 0.170370 0.011458 0.042593
0 0.211979 0.354630 0.031250 0.011111
0 0.236979 0.153704 0.018750 0.053704
1 0.288021 0.088889 0.006250 0.020370
2 0.391406 0.670370 0.020313 0.027778
2 0.422917 0.383333 0.046875 0.083333
2 0.443229 0.378704 0.020833 0.044444
2 0.510417 0.466667 0.078125 0.046296
2 0.711458 0.283333 0.273958 0.264815
0 0.716667 0.964352 0.021875 0.006481
0 0.731771 0.078704 0.010417 0.025926
0 0.832552 0.383333 0.009896 0.005556
2 0.925000 0.796296 0.048958 0.075926
