1 0.053968 0.206055 0.080952 0.148438
2 0.334127 0.129883 0.263492 0.050781
0 0.262698 0.355469 0.073016 0.076172
1 0.338889 0.331055 0.015873 0.011719
2 0.471429 0.932617 0.071429 0.050781
1 0.475000 0.040039 0.008730 0.011719
0 0.514683 0.439453 0.026190 0.048828
0 0.565079 0.461914 0.017460 0.042969
2 0.703968 0.611328 0.222222 0.162109
2 0.691667 0.312500 0.023016 0.044922
2 0.750794 0.139648 0.087302 0.066406
0 0.804762 0.048828 0.049206 0.033203
0 0.819048 0.044922 0.039683 0.041016
2 0.898810 0.515625 0.113492 0.072266
2 0.923016 0.151367 0.117460 0.148438
1 0.887698 0.857422 0.023016 0.048828
0 0.942857 0.640625 0.100000 0.017578
