2 0.083730 0.389648 0.138889 0.195312
0 0.059921 0.227539 0.005556 0.023438
1 0.065079 0.210938 0.014286 0.013672
1 0.066667 0.681641 0.017460 0.041016
0 0.165873 0.633789 0.047619 0.089844
1 0.233333 0.317383 0.039683 0.050781
2 0.538889 0.456055 0.485714 0.292969
1 0.331746 0.300781 0.014286 0.025391
1 0.371429 0.057617 0.061905 0.019531
2 0.445238 0.692383 0.168254 0.453125
2 0.399206 0.540039 0.060317 0.023438
2 0.503968 0.847656 0.044444 0.138672
2 0.796032 0.647461 0.060317 0.054688
0 0.791270 0.511719 0.034921 0.029297
2 0.869048 0.511230 0.069841 0.045898
0 0.914286 0.844727 0.023810 0.019531
