0 0.235714 0.847656 0.057143 0.033203
1 0.222222 0.575195 0.017460 0.019531
2 0.475397 0.302734 0.428571 0.443359
2 0.291270 0.837891 0.057143 0.126953
0 0.320635 0.450195 0.084127 0.058594
1 0.396825 0.939453 0.023810 0.025391
2 0.471429 0.872070 0.157143 0.132812
1 0.413492 0.038086 0.022222 0.027344
0 0.507937 0.823242 0.055556 0.027344
2 0.652381 0.818359 0.220635 0.166016
2 0.609524 0.087891 0.058730 0.115234
2 0.676984 0.583984 0.101587 0.068359
2 0.698413 0.418945 0.061905 0.062500
1 0.722222 0.415039 0.039683 0.039062
