0 0.084921 0.287109 0.060317 0.044922
0 0.121429 0.429688 0.047619 0.099609
0 0.161111 0.403320 0.047619 0.078125
2 0.195238 0.635742 0.103175 0.191406
1 0.175397 0.194336 0.022222 0.097656
0 0.194841 0.947266 0.030952 0.021484
0 0.233333 0.879883 0.033333 0.121094
2 0.344444 0.911133 0.061905 0.121094
2 0.415873 0.241211 0.100000 0.242188
2 0.446032 0.826172 0.100000 0.087891
2 0.496032 0.646484 0.107937 0.080078
1 0.475397 0.469727 0.022222 0.019531
0 0.605556 0.960938 0.034921 0.033203
2 0.764286 0.517578 0.234921 0.208984
2 0.695238 0.508789 0.023810 0.074219
2 0.776984 0.506836 0.069841 0.144531
0 0.785714 0.572266 0.036508 0.064453
