0 0.093651 0.369141 0.026984 0.056641
2 0.254762 0.668945 0.215873 0.503906
2 0.324603 0.621094 0.123810 0.126953
0 0.392063 0.357422 0.014286 0.052734
0 0.446032 0.538086 0.077778 0.035156
2 0.546032 0.124023 0.052381 0.144531
2 0.603968 0.691406 0.114286 0.087891
1 0.608730 0.572266 0.028571 0.025391
0 0.658333 0.117188 0.029365 0.076172
1 0.660317 0.871094 0.007937 0.009766
2 0.756349 0.218750 0.149206 0.162109
0 0.729365 0.815430 0.041270 0.093750
0 0.863889 0.450195 0.078571 0.082031
0 0.887302 0.732422 0.100000 0.087891
0 0.876984 0.323242 0.009524 0.035156
1 0.926587 0.326172 0.019841 0.009766
0 0.945238 0.200195 0.063492 0.050781
