0 0.043651 0.218750 0.028571 0.025391
2 0.229365 0.359375 0.165079 0.142578
2 0.211905 0.576172 0.066667 0.142578
2 0.278571 0.486328 0.057143 0.169922
1 0.319048 0.663086 0.046032 0.035156
2 0.450000 0.315430 0.260317 0.527344
1 0.378571 0.356934 0.015873 0.010742
0 0.496032 0.034668 0.019048 0.018555
1 0.537302 0.927734 0.019048 0.013672
1 0.690476 0.769531 0.017460 0.017578
2 0.780159 0.744141 0.177778 0.095703
0 0.713492 0.792969 0.025397 0.037109
1 0.769841 0.259766 0.033333 0.029297
1 0.808730 0.348633 0.025397 0.019531
1 0.928571 0.777344 0.011111 0.009766
