2 0.059524 0.580078 0.082540 0.150391
0 0.038889 0.244141 0.031746 0.033203
0 0.104762 0.119141 0.036508 0.095703
2 0.209524 0.550781 0.061905 0.056641
2 0.232540 0.599609 0.107937 0.056641
2 0.278571 0.826172 0.142857 0.103516
1 0.296825 0.922363 0.052381 0.032227
1 0.365079 0.833008 0.007937 0.011719
0 0.460317 0.126953 0.112698 0.041016
0 0.425794 0.353516 0.007143 0.044922
2 0.628571 0.819336 0.255556 0.332031
1 0.530159 0.226562 0.039683 0.041016
1 0.565079 0.688477 0.049206 0.015625
0 0.668254 0.812500 0.036508 0.037109
1 0.803968 0.769531 0.019048 0.037109
