2 0.122222 0.139648 0.068254 0.093750
2 0.315873 0.481445 0.328571 0.453125
2 0.278571 0.107910 0.082540 0.055664
0 0.265873 0.333008 0.025397 0.089844
2 0.365079 0.566406 0.087302 0.205078
0 0.363492 0.416016 0.023810 0.029297
0 0.369841 0.350586 0.030159 0.039062
2 0.523016 0.818359 0.225397 0.123047
0 0.490476 0.239258 0.026984 0.089844
2 0.595238 0.854492 0.160317 0.160156
0 0.608730 0.467773 0.050794 0.062500
1 0.603968 0.539062 0.009524 0.017578
0 0.620238 0.751953 0.026190 0.064453
0 0.691270 0.118164 0.079365 0.035156
2 0.726190 0.163086 0.107937 0.035156
2 0.788095 0.351562 0.180952 0.384766
2 0.848413 0.653320 0.171429 0.101562
