2 0.161111 0.352539 0.276190 0.496094
1 0.099206 0.200195 0.015873 0.015625
2 0.203175 0.580078 0.109524 0.095703
0 0.221429 0.049316 0.047619 0.024414
0 0.449206 0.228516 0.071429 0.025391
2 0.583333 0.552734 0.260317 0.498047
2 0.588889 0.317383 0.011111 0.023438
1 0.611111 0.708008 0.030159 0.046875
0 0.720635 0.600586 0.049206 0.042969
0 0.724603 0.498047 0.025397 0.044922
2 0.838889 0.622070 0.117460 0.101562
1 0.834127 0.937500 0.050794 0.029297
2 0.879365 0.091797 0.071429 0.017578
2 0.896825 0.161133 0.096825 0.058594
1 0.875397 0.370117 0.025397 0.023438
0 0.930159 0.389648 0.065079 0.039062
