0 0.081746 0.880859 0.019048 0.029297
2 0.147619 0.215820 0.061905 0.046875
1 0.237302 0.896484 0.019048 0.107422
2 0.317460 0.790039 0.058730 0.046875
2 0.327778 0.747070 0.047619 0.082031
2 0.506349 0.367188 0.353968 0.232422
2 0.390476 0.883789 0.095238 0.062500
2 0.636508 0.553711 0.515873 0.304688
2 0.607937 0.302734 0.341270 0.126953
1 0.581746 0.496094 0.044444 0.021484
2 0.730952 0.215820 0.253968 0.132812
1 0.630952 0.790039 0.012698 0.015625
2 0.756349 0.425781 0.250794 0.388672
0 0.830952 0.811523 0.041270 0.019531
1 0.871429 0.392578 0.009524 0.029297
