0 0.065625 0.257407 0.026042 0.012963
1 0.078125 0.024074 0.017708 0.005556
2 0.090625 0.536111 0.046875 0.092593
2 0.093490 0.018519 0.046354 0.024074
0 0.101042 0.706481 0.015625 0.014815
2 0.428646 0.556481 0.562500 0.337037
0 0.169792 0.337037 0.038542 0.009259
0 0.186458 0.625463 0.026042 0.006481
1 0.213021 0.950000 0.008333 0.012963
0 0.276042 0.939815 0.011458 0.059259
1 0.394531 0.182407 0.017188 0.007407
0 0.478906 0.453704 0.023438 0.005556
2 0.527604 0.185185 0.054167 0.087037
2 0.598958 0.861111 0.073958 0.075926
1 0.695312 0.449074 0.012500 0.033333
2 0.724740 0.532407 0.042188 0.022222
0 0.936198 0.707407 0.016146 0.094444
