0 0.065079 0.350586 0.039683 0.074219
2 0.090476 0.905273 0.055556 0.113281
0 0.249206 0.099609 0.017460 0.025391
1 0.354762 0.262695 0.098413 0.054688
0 0.400000 0.896484 0.080952 0.068359
2 0.399206 0.679688 0.034921 0.099609
0 0.409524 0.143555 0.055556 0.031250
2 0.498413 0.431641 0.042857 0.064453
0 0.488889 0.916016 0.020635 0.041016
1 0.535714 0.433594 0.025397 0.041016
2 0.596032 0.504883 0.101587 0.222656
1 0.555556 0.460938 0.011111 0.029297
0 0.573016 0.042969 0.014286 0.033203
0 0.640476 0.264648 0.028571 0.078125
2 0.805556 0.345703 0.126984 0.275391
1 0.837302 0.209961 0.111111 0.160156
2 0.846032 0.689453 0.077778 0.126953
1 0.955556 0.058594 0.036508 0.044922
