0 0.053175 0.443359 0.041270 0.037109
0 0.087302 0.403320 0.020635 0.050781
2 0.248413 0.413086 0.228571 0.500000
2 0.240476 0.260742 0.085714 0.136719
2 0.295238 0.038086 0.052381 0.050781
0 0.441270 0.284180 0.011111 0.078125
2 0.613492 0.760742 0.031746 0.078125
0 0.620635 0.370117 0.026984 0.023438
2 0.692063 0.741211 0.128571 0.222656
0 0.708730 0.116211 0.082540 0.101562
0 0.783333 0.964844 0.028571 0.044922
0 0.793651 0.081055 0.030159 0.062500
0 0.873810 0.806641 0.092063 0.107422
0 0.866667 0.598633 0.023810 0.031250
