1 0.111905 0.615234 0.025397 0.033203
1 0.243651 0.543945 0.012698 0.019531
1 0.274603 0.766602 0.033333 0.046875
1 0.376190 0.625000 0.109524 0.162109
0 0.337302 0.428711 0.031746 0.027344
2 0.410317 0.788086 0.146032 0.109375
0 0.368254 0.815430 0.036508 0.035156
2 0.461905 0.843750 0.106349 0.064453
1 0.430159 0.133789 0.007937 0.039062
2 0.453175 0.702148 0.038095 0.093750
2 0.593651 0.837891 0.074603 0.111328
2 0.623016 0.159180 0.120635 0.101562
0 0.724603 0.525879 0.155556 0.110352
0 0.846825 0.529297 0.057143 0.056641
0 0.849206 0.310547 0.017460 0.052734
0 0.861905 0.387695 0.026984 0.019531
0 0.885714 0.584961 0.026984 0.027344
0 0.942063 0.532227 0.044444 0.066406
0 0.961111 0.832031 0.009524 0.037109
