0 0.166667 0.752930 0.112698 0.054688
2 0.251587 0.532227 0.028571 0.027344
2 0.417460 0.508789 0.233333 0.316406
2 0.422222 0.903320 0.100000 0.082031
2 0.507937 0.673828 0.109524 0.091797
2 0.497619 0.735352 0.079365 0.144531
0 0.493651 0.209961 0.065079 0.062500
1 0.603968 0.376953 0.012698 0.017578
1 0.628571 0.420898 0.020635 0.058594
2 0.869841 0.194336 0.176190 0.179688
2 0.807937 0.421875 0.052381 0.185547
0 0.811905 0.158203 0.053968 0.060547
0 0.815873 0.894531 0.017460 0.041016
2 0.902778 0.129883 0.027778 0.035156
