2 0.062698 0.891602 0.057143 0.113281
2 0.125397 0.743164 0.138095 0.183594
1 0.103175 0.136719 0.014286 0.009766
0 0.153175 0.740234 0.009524 0.037109
2 0.188492 0.470703 0.038889 0.111328
2 0.274603 0.574219 0.128571 0.111328
1 0.547222 0.273438 0.016667 0.017578
2 0.714286 0.104492 0.303175 0.109375
2 0.650000 0.701172 0.060317 0.087891
2 0.692857 0.190430 0.095238 0.082031
0 0.738889 0.198242 0.034921 0.085938
1 0.767460 0.324219 0.020635 0.029297
1 0.833730 0.360352 0.030952 0.019531
2 0.867460 0.133789 0.076190 0.078125
1 0.866270 0.410156 0.015079 0.013672
0 0.892857 0.807617 0.025397 0.109375
1 0.910317 0.579102 0.012698 0.015625
