0 0.108730 0.258789 0.044444 0.058594
2 0.155556 0.425781 0.093651 0.056641
2 0.157540 0.135742 0.059524 0.097656
2 0.187302 0.731445 0.087302 0.085938
2 0.215873 0.503906 0.074603 0.197266
0 0.302381 0.328613 0.126984 0.071289
0 0.374603 0.153320 0.061905 0.027344
2 0.511905 0.374023 0.088889 0.191406
1 0.623810 0.565918 0.020635 0.010742
1 0.607143 0.921875 0.009524 0.013672
2 0.690476 0.495117 0.052381 0.132812
2 0.760317 0.791992 0.065079 0.164062
1 0.800000 0.469727 0.014286 0.007812
0 0.861508 0.276367 0.048413 0.078125
0 0.876984 0.379883 0.025397 0.164062
0 0.907937 0.380859 0.055556 0.099609
2 0.915079 0.130859 0.038095 0.064453
0 0.929365 0.500977 0.066667 0.070312
