0 0.066667 0.754630 0.034375 0.044444
0 0.166146 0.727778 0.006250 0.031481
2 0.265104 0.164815 0.162500 0.268519
0 0.331771 0.350926 0.025000 0.048148
2 0.341406 0.869444 0.027604 0.048148
2 0.381510 0.161111 0.038021 0.079630
2 0.396094 0.478241 0.023438 0.049074
2 0.442188 0.705556 0.072917 0.064815
0 0.634896 0.714815 0.018750 0.038889
2 0.671875 0.242593 0.042708 0.046296
0 0.792708 0.980093 0.030208 0.034259
1 0.833854 0.006481 0.027083 0.011111
2 0.913542 0.594444 0.063542 0.053704
2 0.918750 0.687037 0.069792 0.238889
1 0.938021 0.655556 0.006250 0.009259
0 0.947396 0.782407 0.006250 0.025926
