2 0.074206 0.136719 0.091270 0.107422
0 0.218254 0.145508 0.082540 0.203125
1 0.231746 0.333008 0.007937 0.015625
0 0.246032 0.486328 0.026984 0.099609
0 0.297619 0.240234 0.114286 0.095703
1 0.255556 0.894531 0.011111 0.033203
2 0.555556 0.658203 0.293651 0.498047
2 0.511905 0.508789 0.041270 0.062500
0 0.576190 0.042969 0.036508 0.048828
0 0.614286 0.107422 0.017460 0.041016
0 0.647619 0.122559 0.042857 0.030273
0 0.669841 0.405273 0.052381 0.058594
0 0.706349 0.807617 0.093651 0.093750
0 0.781746 0.582031 0.053968 0.033203
0 0.796825 0.187500 0.036508 0.083984
1 0.802381 0.329102 0.012698 0.011719
1 0.812698 0.070312 0.017460 0.005859
0 0.869841 0.235352 0.109524 0.097656
