0 0.026984 0.044922 0.023810 0.041016
2 0.375397 0.661133 0.390476 0.261719
2 0.442857 0.271484 0.217460 0.505859
0 0.427778 0.614258 0.031746 0.023438
0 0.586111 0.296875 0.064286 0.029297
0 0.589683 0.763672 0.038095 0.126953
0 0.618254 0.847168 0.063492 0.124023
1 0.638095 0.048828 0.020635 0.013672
2 0.715873 0.352539 0.106349 0.140625
2 0.728175 0.941406 0.035714 0.041016
1 0.781746 0.358398 0.012698 0.054688
0 0.826587 0.941406 0.027778 0.029297
0 0.873810 0.229492 0.034921 0.046875
0 0.907937 0.389648 0.052381 0.042969
