0 0.070833 0.617593 0.028125 0.007407
0 0.222917 0.914815 0.009375 0.027778
0 0.401042 0.981481 0.071875 0.012963
2 0.448958 0.208333 0.061458 0.096296
0 0.458854 0.025000 0.010417 0.029630
0 0.483333 0.957870 0.030208 0.012037
1 0.568229 0.340741 0.004167 0.016667
1 0.672135 0.262963 0.009896 0.005556
0 0.745313 0.490741 0.027083 0.009259
0 0.836458 0.152778 0.015625 0.044444
0 0.881250 0.666667 0.057292 0.009259
2 0.922396 0.691667 0.102083 0.059259
0 0.889062 0.658333 0.029167 0.018519
2 0.908333 0.862037 0.044792 0.044444
0 0.903125 0.752778 0.023958 0.022222
