1 0.046032 0.223633 0.049206 0.035156
2 0.065079 0.625000 0.036508 0.095703
0 0.181746 0.825195 0.168254 0.039062
1 0.118651 0.373047 0.018254 0.029297
2 0.168254 0.854492 0.065079 0.121094
0 0.183333 0.397461 0.034921 0.027344
0 0.459524 0.139648 0.034921 0.042969
2 0.509524 0.141602 0.128571 0.167969
2 0.653968 0.084961 0.220635 0.082031
0 0.639286 0.411133 0.030952 0.042969
2 0.819048 0.398438 0.134921 0.142578
2 0.805159 0.330078 0.100794 0.083984
1 0.778571 0.592773 0.022222 0.027344
1 0.840079 0.762695 0.018254 0.042969
0 0.878571 0.885742 0.038095 0.039062
2 0.905159 0.110352 0.050000 0.035156
