2 0.195312 0.175926 0.022917 0.068519
0 0.251563 0.277778 0.039583 0.016667
0 0.374479 0.492593 0.016667 0.046296
2 0.454167 0.608333 0.063542 0.129630
0 0.511458 0.837963 0.013542 0.033333
0 0.529687 0.265741 0.031250 0.018519
0 0.664062 0.641667 0.037500 0.011111
1 0.664583 0.721296 0.007292 0.011111
2 0.757812 0.718519 0.018750 0.042593
1 0.819010 0.230556 0.018229 0.007407
0 0.891667 0.516667 0.059375 0.009259
0 0.888281 0.081481 0.014063 0.083333
0 0.919271 0.595370 0.025000 0.011111
0 0.923438 0.878704 0.027083 0.022222
2 0.950000 0.123148 0.048958 0.074074
