2 0.070635 0.449219 0.104762 0.115234
0 0.163492 0.471680 0.023810 0.027344
1 0.243651 0.971680 0.009524 0.015625
2 0.385714 0.638672 0.039683 0.095703
2 0.479365 0.531250 0.065079 0.025391
2 0.556349 0.722656 0.171429 0.115234
1 0.519841 0.348633 0.019048 0.027344
2 0.592857 0.209961 0.146032 0.121094
0 0.645238 0.536133 0.025397 0.031250
0 0.679365 0.513672 0.036508 0.076172
2 0.780952 0.143555 0.023810 0.097656
1 0.800000 0.623047 0.017460 0.017578
2 0.846429 0.597656 0.048413 0.189453
0 0.829365 0.809570 0.015873 0.019531
0 0.859524 0.457031 0.031746 0.083984
2 0.952381 0.843750 0.023810 0.048828
