1 0.076190 0.821289 0.014286 0.015625
2 0.089683 0.271484 0.015873 0.107422
1 0.107937 0.818359 0.023810 0.025391
1 0.246825 0.566406 0.019048 0.037109
0 0.266667 0.775391 0.030159 0.041016
2 0.356349 0.221680 0.101587 0.152344
1 0.392857 0.370117 0.044444 0.015625
0 0.473016 0.478516 0.049206 0.033203
1 0.496825 0.844727 0.014286 0.015625
2 0.557143 0.430664 0.122222 0.144531
2 0.534127 0.179688 0.057143 0.166016
2 0.611905 0.556641 0.092063 0.044922
2 0.673016 0.677734 0.207937 0.478516
1 0.594444 0.485352 0.025397 0.054688
1 0.703968 0.446289 0.136508 0.140625
2 0.800794 0.462891 0.066667 0.076172
1 0.898413 0.574219 0.011111 0.017578
