1 0.163492 0.407227 0.058730 0.015625
2 0.197619 0.740234 0.101587 0.248047
0 0.227778 0.631836 0.095238 0.046875
2 0.224603 0.575195 0.066667 0.062500
2 0.338095 0.689453 0.192063 0.123047
2 0.305556 0.844727 0.117460 0.085938
2 0.337302 0.800781 0.139683 0.341797
1 0.289286 0.420898 0.029365 0.082031
2 0.398810 0.666504 0.078571 0.102539
0 0.392460 0.192383 0.032540 0.035156
2 0.437302 0.081055 0.095238 0.093750
0 0.408730 0.040039 0.019048 0.031250
2 0.731746 0.922852 0.128571 0.062500
1 0.715873 0.372070 0.017460 0.015625
0 0.723016 0.847656 0.031746 0.044922
0 0.754762 0.417969 0.044444 0.083984
0 0.899206 0.110352 0.022222 0.074219
0 0.926190 0.308594 0.053968 0.048828
