2 0.077381 0.641602 0.038889 0.101562
1 0.127778 0.835938 0.015873 0.017578
1 0.207143 0.101562 0.057143 0.044922
2 0.310317 0.379883 0.257143 0.597656
2 0.230159 0.611328 0.052381 0.103516
2 0.249206 0.268555 0.058730 0.109375
2 0.616667 0.228516 0.326984 0.224609
2 0.535714 0.379883 0.152381 0.257812
0 0.553175 0.479492 0.038095 0.031250
0 0.700794 0.816406 0.019048 0.052734
2 0.784127 0.200195 0.077778 0.093750
1 0.848413 0.047852 0.015873 0.027344
0 0.858730 0.662109 0.020635 0.037109
0 0.875397 0.558594 0.038095 0.029297
