1 0.035714 0.299805 0.009524 0.015625
2 0.060714 0.161133 0.056349 0.093750
2 0.055556 0.214844 0.023810 0.060547
2 0.096032 0.795898 0.044444 0.039062
2 0.115873 0.827148 0.046032 0.156250
0 0.131349 0.751953 0.062698 0.029297
0 0.150794 0.132812 0.055556 0.052734
2 0.330159 0.270508 0.328571 0.179688
2 0.352778 0.373047 0.076984 0.091797
2 0.357143 0.833984 0.017460 0.115234
2 0.538889 0.718750 0.139683 0.177734
2 0.561111 0.328125 0.047619 0.041016
0 0.702381 0.247070 0.060317 0.093750
1 0.688095 0.895508 0.012698 0.019531
2 0.868254 0.893555 0.201587 0.144531
2 0.935714 0.054688 0.053968 0.076172
1 0.957143 0.852539 0.065079 0.078125
