2 0.050000 0.070312 0.073016 0.076172
0 0.047619 0.478516 0.049206 0.041016
0 0.122619 0.885742 0.023016 0.093750
2 0.230159 0.284180 0.068254 0.101562
0 0.243651 0.208008 0.019048 0.027344
2 0.329365 0.480469 0.123810 0.185547
1 0.405556 0.916992 0.012698 0.019531
2 0.679762 0.301758 0.092857 0.148438
2 0.807937 0.408203 0.303175 0.685547
0 0.703968 0.795410 0.057143 0.055664
1 0.707143 0.769531 0.022222 0.033203
2 0.784524 0.792969 0.065873 0.041016
0 0.880556 0.337402 0.021429 0.026367
2 0.937302 0.528809 0.041270 0.065430
0 0.942857 0.710938 0.039683 0.068359
