1 0.006771 0.027778 0.012500 0.020370
2 0.077344 0.887037 0.038021 0.101852
2 0.345833 0.784259 0.084375 0.125926
0 0.437500 0.220370 0.040625 0.046296
2 0.486458 0.610185 0.032292 0.092593
0 0.502604 0.797222 0.010417 0.040741
2 0.536458 0.190741 0.061458 0.046296
2 0.523698 0.847222 0.015104 0.040741
2 0.623958 0.097222 0.023958 0.059259
2 0.667708 0.164815 0.080208 0.083333
1 0.706510 0.593519 0.009896 0.007407
0 0.769271 0.209259 0.027083 0.053704
0 0.810417 0.483333 0.071875 0.012963
2 0.870313 0.976852 0.054167 0.040741
0 0.909375 0.087963 0.019792 0.011111
