2 0.066146 0.838889 0.050000 0.098148
0 0.151042 0.208333 0.017708 0.033333
2 0.191146 0.879630 0.064583 0.064815
1 0.198698 0.475926 0.006771 0.012963
2 0.221615 0.808333 0.024479 0.033333
0 0.245312 0.425000 0.052083 0.037037
2 0.401562 0.232407 0.077083 0.118519
2 0.375521 0.366667 0.027083 0.072222
0 0.384896 0.422222 0.029167 0.027778
0 0.403125 0.644444 0.030208 0.035185
0 0.486458 0.496296 0.055208 0.009259
2 0.811458 0.844444 0.084375 0.024074
0 0.951042 0.057407 0.015625 0.038889
0 0.984635 0.850926 0.013021 0.074074
