0 0.049206 0.757812 0.042857 0.076172
1 0.053175 0.036133 0.022222 0.019531
0 0.105556 0.791992 0.069841 0.109375
2 0.300794 0.893066 0.082540 0.047852
2 0.276984 0.689453 0.022222 0.115234
0 0.538889 0.308594 0.088889 0.068359
2 0.598413 0.850586 0.169841 0.101562
0 0.599206 0.301758 0.050794 0.046875
2 0.654762 0.409180 0.101587 0.218750
0 0.618651 0.252930 0.013492 0.015625
0 0.857937 0.531250 0.082540 0.037109
0 0.870635 0.635742 0.044444 0.121094
1 0.914286 0.751953 0.026984 0.037109
0 0.958730 0.466797 0.039683 0.017578
