0 0.068229 0.950926 0.027083 0.029630
0 0.098698 0.259259 0.024479 0.031481
2 0.096875 0.751852 0.019792 0.050000
2 0.118229 0.189815 0.020833 0.055556
0 0.350000 0.525000 0.021875 0.011111
0 0.364063 0.712963 0.018750 0.053704
2 0.425521 0.786111 0.060417 0.055556
0 0.402604 0.232407 0.010417 0.029630
0 0.492708 0.074074 0.076042 0.012963
0 0.713021 0.702315 0.020833 0.041667
2 0.756771 0.826852 0.033333 0.096296
2 0.887760 0.260185 0.050521 0.137037
1 0.887500 0.176852 0.005208 0.022222
0 0.936458 0.462963 0.059375 0.024074
