0 0.027865 0.108333 0.016146 0.088889
2 0.068750 0.101852 0.017708 0.042593
2 0.078646 0.796296 0.027083 0.079630
1 0.209375 0.243519 0.007292 0.011111
0 0.228646 0.587963 0.043750 0.007407
2 0.239844 0.888889 0.038021 0.079630
2 0.381771 0.537037 0.285417 0.475926
1 0.266146 0.720370 0.004167 0.016667
0 0.316146 0.529630 0.054167 0.038889
2 0.667188 0.569444 0.137500 0.181481
0 0.657813 0.633333 0.029167 0.027778
2 0.746354 0.805556 0.056250 0.057407
2 0.764323 0.547222 0.042188 0.022222
0 0.793229 0.515741 0.010417 0.051852
0 0.854688 0.444444 0.027083 0.053704
2 0.921354 0.937963 0.027083 0.066667
