2 0.238095 0.122070 0.198413 0.183594
0 0.248413 0.713867 0.060317 0.046875
2 0.255556 0.575195 0.061905 0.046875
0 0.246825 0.685547 0.034921 0.091797
2 0.276587 0.410156 0.043651 0.080078
2 0.320635 0.242188 0.058730 0.115234
1 0.304762 0.418945 0.020635 0.015625
0 0.312698 0.350586 0.017460 0.019531
1 0.368254 0.568359 0.023810 0.017578
2 0.419841 0.594727 0.085714 0.171875
0 0.463492 0.620117 0.026984 0.039062
2 0.542857 0.190430 0.138095 0.179688
2 0.515873 0.330078 0.052381 0.115234
0 0.665873 0.686523 0.050794 0.054688
2 0.679365 0.125977 0.061905 0.121094
1 0.676984 0.825195 0.019048 0.027344
2 0.720635 0.812500 0.068254 0.130859
0 0.872222 0.487305 0.034921 0.031250
