1 0.034921 0.809570 0.020635 0.035156
0 0.065873 0.377930 0.073016 0.023438
2 0.134921 0.876953 0.023810 0.076172
2 0.246032 0.512695 0.039683 0.113281
2 0.480159 0.461914 0.482540 0.148438
0 0.320635 0.911133 0.039683 0.148438
0 0.373016 0.834961 0.055556 0.023438
0 0.435317 0.658203 0.011905 0.033203
0 0.559524 0.612305 0.098413 0.132812
2 0.572222 0.615234 0.088889 0.138672
2 0.567460 0.926758 0.038095 0.046875
0 0.644444 0.099609 0.020635 0.107422
2 0.742857 0.354492 0.201587 0.078125
2 0.777778 0.667969 0.080952 0.123047
1 0.771429 0.917969 0.014286 0.013672
2 0.827778 0.106934 0.066667 0.077148
0 0.811111 0.235352 0.017460 0.027344
0 0.910317 0.393555 0.047619 0.023438
