1 0.065873 0.225586 0.022222 0.015625
0 0.165079 0.919922 0.052381 0.041016
2 0.223810 0.851562 0.131746 0.158203
2 0.241270 0.303711 0.052381 0.082031
1 0.227778 0.891602 0.012698 0.035156
0 0.241270 0.795898 0.014286 0.015625
0 0.273810 0.422852 0.057143 0.082031
0 0.365873 0.684570 0.019048 0.113281
2 0.427778 0.833008 0.095238 0.199219
2 0.462698 0.490234 0.079365 0.126953
0 0.490476 0.896484 0.074603 0.041016
2 0.491270 0.539062 0.038095 0.107422
0 0.494444 0.688477 0.022222 0.039062
0 0.834127 0.536133 0.095238 0.097656
2 0.886508 0.330078 0.155556 0.123047
2 0.885714 0.235352 0.128571 0.058594
1 0.917857 0.610840 0.088095 0.041992
