2 0.127083 0.602778 0.065625 0.037037
0 0.124479 0.942593 0.041667 0.046296
2 0.148177 0.435185 0.043229 0.038889
0 0.142187 0.016667 0.014583 0.009259
2 0.209896 0.215741 0.137500 0.181481
0 0.197396 0.407407 0.027083 0.053704
2 0.254167 0.409259 0.082292 0.068519
0 0.347396 0.862037 0.062500 0.025926
2 0.368490 0.196296 0.052604 0.027778
1 0.398177 0.630556 0.011979 0.007407
2 0.467187 0.626852 0.104167 0.029630
0 0.462500 0.048611 0.030208 0.034259
0 0.495833 0.505556 0.019792 0.016667
0 0.728906 0.355556 0.011979 0.072222
0 0.828125 0.101852 0.059375 0.024074
1 0.880469 0.260185 0.016146 0.022222
0 0.942708 0.123148 0.051042 0.022222
