1 0.091667 0.275391 0.013492 0.017578
0 0.132540 0.412109 0.076190 0.056641
1 0.136508 0.720703 0.014286 0.017578
2 0.211905 0.441406 0.066667 0.197266
0 0.236508 0.333984 0.042857 0.033203
2 0.308730 0.078125 0.063492 0.095703
0 0.288095 0.144531 0.015873 0.017578
1 0.317857 0.682617 0.021429 0.011719
2 0.373810 0.700195 0.092063 0.062500
0 0.357937 0.162109 0.050794 0.037109
2 0.395238 0.749023 0.049206 0.148438
2 0.461111 0.235352 0.111111 0.058594
2 0.471429 0.861328 0.084127 0.064453
1 0.505556 0.558594 0.012698 0.060547
2 0.641270 0.764648 0.039683 0.097656
0 0.803175 0.919922 0.030159 0.021484
2 0.904762 0.497070 0.055556 0.117188
