0 0.094841 0.968750 0.064286 0.029297
1 0.071429 0.492188 0.011111 0.017578
2 0.249206 0.199219 0.163492 0.298828
2 0.236508 0.145508 0.052381 0.062500
2 0.426984 0.462891 0.039683 0.115234
2 0.454762 0.063477 0.050794 0.105469
2 0.485714 0.661133 0.084127 0.035156
2 0.653968 0.740234 0.131746 0.294922
1 0.666667 0.208008 0.020635 0.039062
2 0.852778 0.392578 0.127778 0.173828
0 0.828571 0.077148 0.014286 0.089844
0 0.873810 0.030273 0.041270 0.031250
0 0.889286 0.087891 0.026190 0.033203
0 0.953175 0.513672 0.022222 0.041016
