0 0.006771 0.663889 0.010417 0.029630
0 0.021875 0.214815 0.034375 0.016667
2 0.167187 0.857407 0.087500 0.050000
2 0.260937 0.262963 0.139583 0.183333
0 0.208854 0.961111 0.033333 0.020370
0 0.205729 0.693519 0.010417 0.066667
1 0.246875 0.087037 0.013542 0.020370
0 0.438021 0.059259 0.008333 0.012963
1 0.439063 0.651389 0.008333 0.006481
2 0.486979 0.663889 0.104167 0.029630
0 0.473438 0.233333 0.043750 0.020370
2 0.614583 0.640741 0.192708 0.190741
0 0.644792 0.752778 0.034375 0.007407
2 0.649479 0.878704 0.039583 0.055556
0 0.910677 0.825926 0.018229 0.009259
