1 0.032143 0.738281 0.019841 0.025391
2 0.111111 0.734375 0.115873 0.142578
2 0.211111 0.294922 0.122222 0.208984
1 0.166270 0.057617 0.029365 0.042969
2 0.219048 0.857422 0.074603 0.150391
0 0.323016 0.166992 0.101587 0.027344
0 0.407540 0.281250 0.094444 0.115234
2 0.413492 0.921875 0.060317 0.080078
0 0.446825 0.583008 0.034921 0.023438
0 0.542063 0.188477 0.025397 0.015625
2 0.590476 0.131836 0.068254 0.148438
1 0.733333 0.264648 0.030159 0.027344
2 0.779365 0.121094 0.058730 0.052734
0 0.864286 0.666016 0.047619 0.044922
