0 0.108730 0.860352 0.022222 0.070312
1 0.117857 0.113281 0.018254 0.009766
2 0.184127 0.940430 0.090476 0.089844
2 0.203175 0.620117 0.023810 0.050781
1 0.211905 0.387695 0.022222 0.023438
2 0.284921 0.931641 0.107937 0.099609
2 0.432540 0.808594 0.095238 0.212891
2 0.508730 0.583008 0.101587 0.386719
0 0.526190 0.080078 0.060317 0.052734
2 0.620635 0.208496 0.077778 0.061523
2 0.653968 0.149414 0.052381 0.082031
1 0.686508 0.540039 0.019048 0.027344
0 0.773016 0.764648 0.061905 0.062500
2 0.866270 0.897461 0.176984 0.140625
0 0.932937 0.870117 0.018254 0.015625
