0 0.191270 0.309570 0.092063 0.023438
2 0.170635 0.212891 0.044444 0.044922
0 0.188889 0.576172 0.026984 0.056641
1 0.208333 0.099609 0.024603 0.029297
2 0.411905 0.279297 0.158730 0.115234
2 0.407937 0.180664 0.093651 0.128906
1 0.403968 0.937012 0.038095 0.034180
2 0.441667 0.354492 0.061111 0.089844
2 0.518254 0.472656 0.180952 0.060547
0 0.456349 0.656250 0.034921 0.201172
2 0.620635 0.858398 0.176190 0.207031
1 0.586508 0.170898 0.079365 0.023438
0 0.692063 0.784180 0.030159 0.046875
0 0.779365 0.258789 0.033333 0.027344
