2 0.109524 0.165039 0.033333 0.125000
2 0.175794 0.550781 0.053175 0.119141
0 0.163492 0.284180 0.014286 0.035156
0 0.184127 0.346680 0.036508 0.070312
2 0.343651 0.713867 0.225397 0.050781
0 0.250794 0.367188 0.033333 0.080078
2 0.317460 0.457031 0.077778 0.158203
0 0.360317 0.571289 0.039683 0.074219
2 0.473810 0.839844 0.174603 0.251953
0 0.597222 0.468750 0.016667 0.029297
1 0.661111 0.185547 0.022222 0.013672
0 0.793651 0.485352 0.115873 0.167969
0 0.873413 0.263672 0.056349 0.076172
0 0.946825 0.295898 0.025397 0.066406
