1 0.027083 0.753704 0.009375 0.012963
1 0.235937 0.468519 0.012500 0.020370
0 0.252604 0.155093 0.025000 0.006481
0 0.283333 0.175000 0.034375 0.011111
1 0.359635 0.296296 0.007812 0.024074
2 0.392448 0.393519 0.030729 0.066667
2 0.484115 0.081481 0.034896 0.098148
1 0.542708 0.521296 0.013542 0.011111
2 0.609375 0.867593 0.021875 0.066667
2 0.725521 0.705556 0.070833 0.120370
2 0.733854 0.625926 0.029167 0.098148
0 0.804688 0.893981 0.022917 0.025000
0 0.854688 0.159722 0.010417 0.015741
0 0.913542 0.760185 0.011458 0.074074
2 0.940625 0.464815 0.034375 0.098148
0 0.968229 0.880556 0.045833 0.029630
