2 0.087302 0.430664 0.068254 0.187500
0 0.167460 0.448242 0.041270 0.035156
0 0.184127 0.197266 0.039683 0.076172
2 0.198413 0.113281 0.065079 0.029297
0 0.319841 0.104980 0.028571 0.010742
2 0.397619 0.824219 0.060317 0.064453
2 0.457143 0.623047 0.103175 0.119141
2 0.455556 0.502930 0.093651 0.082031
0 0.419841 0.380859 0.015873 0.052734
0 0.526190 0.593750 0.126984 0.072266
0 0.487302 0.894531 0.068254 0.052734
2 0.485714 0.502930 0.049206 0.035156
2 0.592063 0.596680 0.049206 0.089844
1 0.594444 0.163086 0.022222 0.042969
1 0.711111 0.861328 0.007937 0.013672
1 0.775794 0.905273 0.023016 0.031250
1 0.780159 0.046875 0.012698 0.021484
0 0.815873 0.291016 0.026984 0.048828
0 0.827778 0.592773 0.031746 0.027344
0 0.976984 0.988281 0.034921 0.013672
