2 0.238889 0.864258 0.120635 0.136719
2 0.334921 0.544922 0.271429 0.689453
2 0.230556 0.743164 0.030952 0.039062
0 0.346825 0.941406 0.022222 0.033203
0 0.385714 0.205078 0.090476 0.107422
1 0.357937 0.540039 0.012698 0.015625
2 0.434127 0.824219 0.114286 0.134766
2 0.473016 0.352539 0.128571 0.078125
0 0.428571 0.935547 0.020635 0.064453
1 0.475794 0.731445 0.061111 0.011719
0 0.501587 0.592773 0.084127 0.109375
2 0.619048 0.435547 0.303175 0.279297
1 0.646032 0.159180 0.017460 0.027344
2 0.771429 0.495117 0.042857 0.062500
1 0.845238 0.349121 0.028571 0.026367
1 0.938095 0.897461 0.014286 0.027344
