1 0.014583 0.063889 0.011458 0.022222
0 0.040885 0.764815 0.007812 0.057407
2 0.129167 0.647222 0.101042 0.029630
0 0.262760 0.285185 0.022396 0.005556
2 0.411458 0.699074 0.305208 0.507407
1 0.305469 0.043519 0.011979 0.007407
0 0.423438 0.338889 0.012500 0.012963
2 0.486458 0.080556 0.078125 0.066667
0 0.505208 0.963889 0.009375 0.055556
1 0.602604 0.907407 0.033333 0.009259
0 0.660417 0.361111 0.011458 0.027778
0 0.695833 0.746296 0.011458 0.057407
2 0.786458 0.910185 0.071875 0.144444
0 0.866146 0.953704 0.012500 0.075926
0 0.883333 0.108333 0.021875 0.040741
