1 0.119048 0.497070 0.017460 0.031250
1 0.170635 0.896484 0.009524 0.021484
0 0.277778 0.119141 0.023810 0.052734
1 0.303968 0.836914 0.009524 0.011719
0 0.320635 0.821289 0.030159 0.023438
0 0.357937 0.421875 0.044444 0.033203
1 0.343651 0.798828 0.009524 0.021484
2 0.425397 0.125977 0.068254 0.152344
2 0.453175 0.586914 0.101587 0.132812
2 0.542063 0.584961 0.120635 0.121094
2 0.668254 0.524414 0.179365 0.292969
2 0.650794 0.805664 0.125397 0.152344
0 0.765873 0.911133 0.041270 0.039062
0 0.804365 0.799805 0.015079 0.042969
1 0.818254 0.391602 0.019048 0.023438
2 0.944444 0.570312 0.071429 0.080078
0 0.923810 0.358398 0.020635 0.039062
1 0.919841 0.713867 0.012698 0.019531
