2 0.194271 0.725926 0.366667 0.357407
1 0.017708 0.864815 0.005208 0.009259
0 0.028125 0.372222 0.011458 0.042593
1 0.071094 0.942593 0.005729 0.012963
2 0.093229 0.360185 0.029167 0.070370
2 0.166146 0.127778 0.104167 0.087037
2 0.268229 0.858333 0.104167 0.051852
2 0.260937 0.281481 0.045833 0.090741
0 0.262500 0.363889 0.017708 0.044444
1 0.277604 0.577778 0.010417 0.016667
2 0.357292 0.682407 0.032292 0.066667
0 0.409375 0.160185 0.080208 0.014815
0 0.483333 0.562500 0.017708 0.036111
0 0.600521 0.315741 0.008333 0.044444
