1 0.060714 0.372070 0.011905 0.027344
1 0.172619 0.841797 0.011905 0.013672
2 0.355556 0.351562 0.265079 0.107422
2 0.248413 0.923828 0.041270 0.083984
2 0.289683 0.569336 0.107937 0.093750
2 0.304762 0.956055 0.084127 0.066406
2 0.354762 0.555664 0.180952 0.070312
0 0.368254 0.416992 0.042857 0.062500
2 0.600794 0.599609 0.412698 0.181641
2 0.543651 0.483398 0.276190 0.339844
0 0.501587 0.095703 0.011111 0.025391
2 0.648413 0.850586 0.120635 0.062500
2 0.666667 0.422852 0.125397 0.074219
0 0.619048 0.490234 0.017460 0.048828
1 0.634921 0.219727 0.011111 0.019531
0 0.776190 0.075195 0.020635 0.046875
2 0.851587 0.712891 0.165079 0.205078
0 0.855159 0.388672 0.032540 0.041016
