1 0.084921 0.099121 0.028571 0.014648
1 0.149206 0.209961 0.026984 0.015625
2 0.187302 0.750000 0.071429 0.146484
2 0.230952 0.395508 0.126984 0.246094
2 0.237302 0.552734 0.031746 0.041016
1 0.285714 0.104492 0.014286 0.027344
0 0.319444 0.839844 0.024603 0.037109
0 0.402381 0.551758 0.028571 0.035156
0 0.511111 0.393555 0.033333 0.039062
0 0.566667 0.466797 0.049206 0.068359
1 0.681746 0.315430 0.031746 0.101562
2 0.701587 0.614258 0.068254 0.050781
2 0.755556 0.036133 0.065079 0.054688
0 0.792063 0.058594 0.026984 0.029297
