1 0.140625 0.087037 0.013542 0.012963
0 0.252083 0.418519 0.009375 0.027778
1 0.308594 0.525926 0.007812 0.024074
2 0.367708 0.312963 0.080208 0.120370
0 0.361458 0.795370 0.011458 0.070370
0 0.412500 0.113889 0.032292 0.029630
2 0.481250 0.716667 0.098958 0.083333
2 0.547917 0.461111 0.090625 0.068519
2 0.541667 0.827778 0.071875 0.042593
1 0.537760 0.037963 0.005729 0.018519
2 0.621875 0.731481 0.067708 0.075926
2 0.739583 0.796296 0.121875 0.064815
0 0.835938 0.783796 0.025000 0.026852
0 0.965625 0.431481 0.032292 0.016667
