2 0.078571 0.338867 0.038095 0.105469
2 0.218254 0.863281 0.092063 0.158203
2 0.262698 0.251953 0.165079 0.126953
2 0.298413 0.320312 0.169841 0.087891
2 0.403175 0.764648 0.093651 0.101562
0 0.395238 0.475586 0.039683 0.062500
0 0.421429 0.623047 0.069841 0.056641
1 0.434127 0.254883 0.015873 0.023438
2 0.485714 0.097656 0.065079 0.166016
1 0.578968 0.601074 0.029365 0.030273
2 0.729365 0.269531 0.114286 0.068359
0 0.772222 0.666016 0.033333 0.056641
0 0.807540 0.207031 0.051587 0.068359
2 0.838889 0.390625 0.060317 0.025391
1 0.915873 0.131836 0.017460 0.011719
