2 0.203646 0.078704 0.043750 0.085185
2 0.274479 0.365741 0.152083 0.200000
0 0.216406 0.622222 0.017188 0.009259
2 0.335938 0.485185 0.054167 0.046296
0 0.349479 0.637037 0.008333 0.038889
1 0.382552 0.483333 0.009896 0.009259
1 0.475781 0.779630 0.006771 0.012963
1 0.493750 0.633333 0.007292 0.009259
2 0.536458 0.752778 0.071875 0.248148
0 0.577604 0.965741 0.022917 0.011111
0 0.640625 0.968519 0.013542 0.012963
2 0.825000 0.455556 0.059375 0.050000
0 0.936458 0.855556 0.046875 0.020370
1 0.963021 0.203704 0.014583 0.005556
