2 0.093651 0.882812 0.096825 0.068359
2 0.114286 0.747070 0.030159 0.070312
1 0.128571 0.212891 0.014286 0.017578
0 0.172619 0.794922 0.026190 0.033203
2 0.237302 0.868164 0.031746 0.085938
1 0.414286 0.357910 0.014286 0.012695
1 0.435714 0.828125 0.015873 0.017578
2 0.549206 0.773438 0.080952 0.076172
0 0.594444 0.703125 0.123810 0.025391
0 0.553968 0.661133 0.023810 0.093750
2 0.735317 0.496094 0.100794 0.142578
0 0.701587 0.583984 0.030159 0.037109
1 0.909921 0.477539 0.015079 0.027344
1 0.932937 0.635742 0.007143 0.019531
