2 0.205556 0.162109 0.050794 0.076172
0 0.345238 0.522461 0.066667 0.019531
2 0.343651 0.569336 0.063492 0.046875
2 0.453175 0.584961 0.168254 0.097656
2 0.459524 0.937500 0.066667 0.033203
0 0.503968 0.947266 0.022222 0.064453
0 0.537302 0.661133 0.063492 0.078125
1 0.574603 0.181641 0.109524 0.166016
2 0.538889 0.484375 0.031746 0.103516
2 0.618254 0.605469 0.082540 0.076172
2 0.705556 0.601562 0.184127 0.173828
0 0.620238 0.059570 0.010317 0.035156
2 0.691270 0.830078 0.053968 0.228516
1 0.763492 0.816406 0.023810 0.025391
0 0.917460 0.035156 0.036508 0.021484
1 0.918254 0.648438 0.019048 0.021484
