2 0.094792 0.406481 0.040625 0.151852
2 0.553125 0.626852 0.851042 0.511111
1 0.181771 0.252778 0.004167 0.018519
2 0.261458 0.155556 0.098958 0.146296
2 0.257812 0.926852 0.062500 0.066667
0 0.266146 0.370370 0.012500 0.020370
2 0.288021 0.346296 0.043750 0.042593
2 0.315625 0.870370 0.094792 0.072222
2 0.608333 0.417593 0.069792 0.051852
2 0.688021 0.448148 0.168750 0.227778
0 0.629167 0.230556 0.023958 0.048148
0 0.720833 0.264815 0.011458 0.068519
2 0.881771 0.796296 0.122917 0.064815
0 0.878646 0.122222 0.045833 0.020370
