2 0.339583 0.737963 0.246875 0.411111
2 0.270313 0.664815 0.072917 0.112963
0 0.244792 0.352778 0.023958 0.011111
0 0.307292 0.919444 0.015625 0.096296
2 0.351042 0.866667 0.021875 0.075926
0 0.361198 0.328704 0.024479 0.014815
2 0.382812 0.783333 0.064583 0.127778
1 0.409375 0.260185 0.007292 0.011111
2 0.442708 0.771296 0.082292 0.122222
2 0.614062 0.502778 0.275000 0.270370
2 0.588802 0.804630 0.025521 0.033333
2 0.813021 0.468519 0.089583 0.138889
1 0.854167 0.092593 0.007292 0.012963
0 0.918229 0.226852 0.016667 0.033333
2 0.970833 0.239815 0.038542 0.018519
