2 0.329688 0.515741 0.225000 0.377778
0 0.247396 0.150926 0.008333 0.044444
0 0.332292 0.368519 0.046875 0.009259
2 0.371354 0.545370 0.077083 0.114815
2 0.478125 0.535185 0.276042 0.461111
2 0.424479 0.257407 0.068750 0.101852
2 0.424479 0.874074 0.045833 0.090741
2 0.493750 0.746296 0.032292 0.046296
2 0.525781 0.809259 0.026562 0.057407
0 0.616667 0.109259 0.011458 0.005556
2 0.664323 0.872222 0.059896 0.164815
2 0.800000 0.625926 0.288542 0.483333
2 0.714063 0.768519 0.043750 0.072222
2 0.775521 0.781481 0.052083 0.101852
0 0.786979 0.235185 0.027083 0.053704
