2 0.079687 0.415741 0.072917 0.114815
0 0.054167 0.955556 0.009375 0.046296
0 0.201042 0.119444 0.019792 0.048148
2 0.318229 0.478704 0.110417 0.162963
0 0.300000 0.737037 0.030208 0.061111
2 0.331250 0.503704 0.088542 0.083333
2 0.362240 0.327778 0.044271 0.024074
2 0.388802 0.699074 0.025521 0.033333
0 0.389062 0.177778 0.020833 0.009259
0 0.400521 0.317130 0.035417 0.008333
2 0.429167 0.452778 0.082292 0.133333
2 0.454167 0.754630 0.080208 0.133333
2 0.627083 0.218519 0.355208 0.346296
2 0.586458 0.425000 0.067708 0.033333
2 0.653646 0.397222 0.025000 0.074074
1 0.959375 0.530556 0.005208 0.018519
