0 0.078571 0.357422 0.031746 0.064453
0 0.110714 0.421875 0.061111 0.068359
2 0.117063 0.617188 0.061111 0.021484
2 0.172222 0.632812 0.114286 0.111328
1 0.278571 0.353516 0.009524 0.044922
2 0.396825 0.863281 0.157143 0.201172
2 0.392857 0.673828 0.063492 0.150391
2 0.437302 0.222656 0.053968 0.150391
1 0.422222 0.937500 0.011111 0.009766
1 0.550397 0.068359 0.010317 0.017578
2 0.650397 0.538086 0.192857 0.128906
0 0.630159 0.610352 0.077778 0.101562
1 0.676190 0.599609 0.017460 0.025391
0 0.784127 0.714844 0.169841 0.111328
2 0.742857 0.150391 0.023810 0.052734
2 0.778571 0.420898 0.073016 0.042969
0 0.755952 0.853516 0.027778 0.017578
0 0.769841 0.114258 0.030159 0.062500
