2 0.052083 0.943519 0.073958 0.062963
2 0.568229 0.702778 0.820833 0.496296
2 0.296875 0.156481 0.221875 0.218519
0 0.329688 0.658333 0.037500 0.011111
0 0.357812 0.937037 0.006250 0.031481
2 0.415625 0.673148 0.088542 0.137037
0 0.395313 0.574074 0.045833 0.031481
2 0.490104 0.271296 0.227083 0.381481
1 0.460938 0.390741 0.016667 0.005556
1 0.613802 0.378704 0.005729 0.018519
1 0.621354 0.642593 0.008333 0.016667
2 0.728125 0.233333 0.032292 0.094444
2 0.808854 0.916667 0.027083 0.072222
2 0.832031 0.325000 0.054688 0.029630
2 0.933333 0.154630 0.069792 0.244444
2 0.972917 0.100000 0.017708 0.042593
