1 0.067063 0.379883 0.013492 0.039062
2 0.257143 0.513672 0.115873 0.240234
0 0.266667 0.038086 0.068254 0.027344
1 0.455556 0.425781 0.026984 0.041016
1 0.453968 0.900391 0.020635 0.025391
2 0.520635 0.219727 0.087302 0.062500
2 0.588095 0.816406 0.215873 0.115234
0 0.526190 0.827148 0.088889 0.042969
1 0.506349 0.463867 0.033333 0.042969
2 0.618254 0.512695 0.126984 0.097656
2 0.619048 0.088867 0.052381 0.125000
0 0.661905 0.833008 0.052381 0.046875
2 0.738095 0.699219 0.119048 0.060547
2 0.830952 0.112305 0.136508 0.097656
1 0.792857 0.513672 0.015873 0.017578
0 0.956349 0.145508 0.034921 0.042969
