1 0.030729 0.844444 0.006250 0.024074
0 0.042708 0.860185 0.026042 0.011111
2 0.082812 0.675000 0.022917 0.059259
0 0.091667 0.480556 0.034375 0.007407
0 0.136458 0.232407 0.042708 0.011111
0 0.213021 0.248148 0.037500 0.009259
2 0.294271 0.345370 0.164583 0.274074
2 0.285417 0.901852 0.048958 0.131481
2 0.347917 0.561111 0.121875 0.064815
0 0.392188 0.218519 0.014583 0.012963
0 0.411979 0.038889 0.022917 0.012963
0 0.490104 0.617593 0.029167 0.014815
2 0.518490 0.792593 0.038021 0.035185
2 0.559896 0.812963 0.087500 0.135185
2 0.734896 0.427778 0.089583 0.309259
1 0.708333 0.575926 0.019792 0.005556
0 0.836458 0.850926 0.034375 0.022222
