2 0.066146 0.187037 0.077083 0.064815
0 0.147396 0.918519 0.014583 0.087037
2 0.165885 0.475000 0.030729 0.122222
2 0.230729 0.585185 0.029167 0.053704
0 0.242708 0.563889 0.028125 0.037037
0 0.242188 0.716667 0.018750 0.035185
1 0.368490 0.037963 0.006771 0.011111
1 0.385417 0.846296 0.013542 0.020370
2 0.557552 0.198148 0.122396 0.161111
0 0.554688 0.416667 0.018750 0.053704
0 0.604167 0.768519 0.011458 0.027778
0 0.652083 0.358333 0.028125 0.055556
0 0.768750 0.825000 0.013542 0.037037
0 0.860938 0.108333 0.016667 0.014815
0 0.946875 0.791667 0.019792 0.040741
