1 0.144444 0.113281 0.011111 0.013672
2 0.196032 0.877930 0.076190 0.039062
2 0.200000 0.193359 0.074603 0.279297
0 0.253968 0.466797 0.046032 0.083984
0 0.253968 0.711914 0.036508 0.136719
1 0.283333 0.747070 0.019048 0.019531
0 0.373016 0.517578 0.055556 0.029297
2 0.423810 0.157227 0.055556 0.179688
0 0.428571 0.314453 0.017460 0.037109
1 0.428571 0.572266 0.014286 0.013672
0 0.494444 0.762695 0.034921 0.031250
0 0.605556 0.846191 0.114286 0.051758
1 0.564286 0.831055 0.025397 0.011719
0 0.696825 0.285156 0.144444 0.087891
2 0.649206 0.679688 0.030159 0.119141
1 0.749206 0.035156 0.011111 0.009766
2 0.850000 0.104492 0.126984 0.078125
1 0.863492 0.461914 0.014286 0.011719
2 0.934127 0.176758 0.038095 0.054688
1 0.954762 0.602051 0.022222 0.008789
