0 0.048438 0.228241 0.010417 0.015741
2 0.065625 0.927778 0.023958 0.061111
0 0.131250 0.218519 0.026042 0.024074
1 0.145833 0.674074 0.034375 0.009259
0 0.383333 0.790741 0.046875 0.020370
2 0.430208 0.495370 0.090625 0.025926
2 0.433594 0.561111 0.041146 0.072222
2 0.447396 0.593519 0.045833 0.070370
2 0.540104 0.329630 0.147917 0.194444
0 0.552604 0.607407 0.018750 0.046296
1 0.688021 0.154630 0.010417 0.022222
0 0.719271 0.857407 0.037500 0.020370
0 0.753125 0.900000 0.023958 0.009259
1 0.794010 0.923148 0.005729 0.018519
1 0.897135 0.256481 0.011979 0.014815
