0 0.039583 0.079630 0.042708 0.012963
2 0.047656 0.241667 0.039062 0.107407
0 0.065625 0.891667 0.019792 0.048148
0 0.093229 0.075926 0.037500 0.009259
0 0.176042 0.209722 0.030208 0.012037
2 0.556250 0.595370 0.709375 0.429630
0 0.451042 0.079630 0.030208 0.009259
1 0.581510 0.914815 0.009896 0.009259
2 0.615104 0.196296 0.045833 0.124074
2 0.641146 0.112963 0.083333 0.068519
0 0.653646 0.925926 0.027083 0.009259
0 0.752083 0.931481 0.019792 0.009259
1 0.886979 0.027778 0.008333 0.016667
2 0.918229 0.913889 0.031250 0.092593
1 0.963802 0.248148 0.009896 0.009259
