0 0.065873 0.625000 0.117460 0.037109
1 0.041270 0.311523 0.014286 0.015625
2 0.076984 0.431641 0.041270 0.068359
2 0.103175 0.340820 0.065079 0.093750
2 0.448413 0.724609 0.533333 0.361328
1 0.202381 0.508789 0.038095 0.050781
1 0.235714 0.399414 0.009524 0.035156
2 0.314286 0.625977 0.147619 0.164062
0 0.296032 0.794922 0.015873 0.080078
0 0.318651 0.437500 0.030952 0.029297
0 0.331746 0.486328 0.033333 0.037109
0 0.476984 0.550781 0.057143 0.037109
2 0.487302 0.838867 0.061905 0.160156
0 0.607143 0.328125 0.060317 0.044922
0 0.622222 0.530273 0.036508 0.066406
2 0.907143 0.404297 0.066667 0.052734
1 0.938095 0.198242 0.014286 0.035156
