2 0.051587 0.683594 0.038095 0.064453
2 0.135714 0.342773 0.069841 0.285156
0 0.116667 0.535156 0.019048 0.041016
2 0.151587 0.581055 0.073016 0.058594
2 0.313492 0.521484 0.269841 0.275391
0 0.319048 0.384766 0.039683 0.017578
1 0.319841 0.947266 0.025397 0.021484
2 0.392460 0.761719 0.029365 0.083984
2 0.450794 0.562500 0.125397 0.193359
0 0.561111 0.845703 0.015873 0.060547
1 0.567460 0.171875 0.012698 0.017578
0 0.609524 0.827148 0.080952 0.082031
0 0.801587 0.785156 0.077778 0.099609
2 0.834921 0.281250 0.087302 0.060547
1 0.849206 0.784180 0.023810 0.011719
0 0.959524 0.792969 0.031746 0.068359
