1 0.019792 0.074074 0.007292 0.009259
0 0.025000 0.080556 0.030208 0.014815
0 0.101562 0.262500 0.018750 0.006481
0 0.192708 0.537037 0.023958 0.009259
0 0.269271 0.352778 0.029167 0.037037
2 0.507552 0.723148 0.486979 0.292593
2 0.313542 0.155556 0.073958 0.109259
0 0.322656 0.028704 0.024479 0.014815
2 0.446875 0.823148 0.188542 0.318519
2 0.424219 0.347222 0.027604 0.059259
0 0.566146 0.176852 0.022917 0.022222
2 0.603646 0.347222 0.081250 0.040741
0 0.742188 0.848148 0.039583 0.016667
0 0.766667 0.706481 0.011458 0.011111
2 0.954167 0.678704 0.028125 0.103704
0 0.969531 0.342593 0.021354 0.020370
