0 0.063492 0.635742 0.042857 0.074219
2 0.179365 0.477539 0.046032 0.085938
0 0.186508 0.328125 0.038095 0.072266
2 0.256349 0.191406 0.041270 0.068359
1 0.308730 0.940430 0.019048 0.039062
1 0.492857 0.087891 0.012698 0.021484
0 0.586508 0.316406 0.031746 0.033203
2 0.592063 0.585938 0.023810 0.064453
2 0.617460 0.474609 0.065079 0.142578
2 0.647619 0.504883 0.100000 0.117188
2 0.653968 0.380859 0.090476 0.087891
2 0.829365 0.821289 0.174603 0.097656
1 0.774603 0.518555 0.014286 0.015625
2 0.919048 0.249023 0.058730 0.066406
1 0.907143 0.075195 0.012698 0.015625
