0 0.038095 0.864258 0.020635 0.015625
2 0.141270 0.794922 0.112698 0.037109
0 0.121429 0.716797 0.038095 0.017578
1 0.134921 0.558594 0.033333 0.013672
2 0.525397 0.323242 0.611111 0.351562
0 0.312698 0.860352 0.046032 0.007812
2 0.356349 0.101562 0.073016 0.189453
1 0.331746 0.828125 0.014286 0.013672
0 0.465079 0.636719 0.125397 0.169922
0 0.500794 0.435547 0.022222 0.029297
2 0.596825 0.306641 0.112698 0.099609
2 0.623016 0.659180 0.019048 0.046875
1 0.636508 0.147461 0.033333 0.054688
0 0.709127 0.047852 0.019841 0.082031
1 0.734127 0.630859 0.022222 0.080078
0 0.807540 0.130859 0.029365 0.044922
0 0.898016 0.500000 0.042063 0.044922
2 0.943651 0.088867 0.031746 0.074219
