0 0.122917 0.487037 0.028125 0.027778
0 0.166146 0.110185 0.006250 0.033333
0 0.256771 0.176852 0.012500 0.059259
0 0.294271 0.543519 0.027083 0.011111
0 0.296875 0.488889 0.013542 0.012963
2 0.392708 0.408333 0.144792 0.077778
0 0.352083 0.672222 0.009375 0.027778
2 0.454948 0.801852 0.034896 0.075926
2 0.572135 0.438889 0.023438 0.053704
0 0.607812 0.520370 0.033333 0.020370
1 0.593750 0.932407 0.005208 0.014815
2 0.656771 0.195370 0.091667 0.314815
1 0.675521 0.517593 0.008333 0.011111
2 0.697396 0.428704 0.045833 0.122222
2 0.882292 0.675000 0.151042 0.044444
1 0.949479 0.742593 0.006250 0.009259
2 0.966146 0.544444 0.027083 0.064815
