2 0.113492 0.279297 0.203175 0.173828
0 0.107937 0.148438 0.026984 0.068359
1 0.244841 0.858398 0.043651 0.031250
0 0.232540 0.501953 0.034921 0.029297
2 0.311111 0.856445 0.115873 0.156250
1 0.307540 0.722656 0.019841 0.033203
1 0.324603 0.805664 0.012698 0.027344
1 0.429365 0.715820 0.009524 0.015625
0 0.518254 0.361328 0.114286 0.052734
1 0.587698 0.127930 0.065873 0.042969
2 0.672222 0.378906 0.142857 0.255859
0 0.641270 0.136719 0.026984 0.107422
1 0.639683 0.187500 0.014286 0.013672
2 0.696825 0.068359 0.074603 0.064453
2 0.718254 0.343750 0.095238 0.087891
0 0.766667 0.978027 0.042857 0.018555
1 0.774603 0.950195 0.011111 0.011719
0 0.895238 0.814453 0.087302 0.111328
1 0.964683 0.343750 0.010317 0.009766
