0 0.059524 0.235352 0.088889 0.058594
2 0.211111 0.663086 0.106349 0.144531
1 0.190476 0.920898 0.039683 0.042969
2 0.288889 0.284180 0.030159 0.031250
2 0.324603 0.199219 0.047619 0.142578
2 0.353571 0.618164 0.056349 0.042969
2 0.452381 0.422852 0.160317 0.050781
1 0.411508 0.125000 0.021429 0.025391
0 0.471825 0.265625 0.034127 0.037109
1 0.490476 0.535156 0.011111 0.021484
0 0.607937 0.375000 0.039683 0.068359
0 0.648413 0.372070 0.092063 0.171875
1 0.635714 0.165039 0.022222 0.035156
0 0.835714 0.555664 0.082540 0.027344
2 0.856349 0.853516 0.015873 0.064453
0 0.937302 0.399414 0.047619 0.035156
0 0.978571 0.737305 0.028571 0.042969
