1 0.033333 0.422852 0.007937 0.015625
2 0.150000 0.387695 0.111111 0.093750
0 0.157937 0.300781 0.111111 0.107422
1 0.118254 0.146484 0.015873 0.017578
2 0.166667 0.728516 0.058730 0.162109
1 0.211905 0.942383 0.038095 0.035156
1 0.204762 0.617188 0.004762 0.021484
0 0.227778 0.884766 0.015873 0.056641
0 0.351587 0.272461 0.050794 0.035156
0 0.369048 0.756836 0.019048 0.066406
2 0.515079 0.712891 0.241270 0.326172
0 0.432540 0.720703 0.022222 0.033203
0 0.465079 0.865234 0.030159 0.021484
0 0.581746 0.077148 0.031746 0.031250
2 0.615873 0.874023 0.065079 0.046875
0 0.761111 0.740234 0.031746 0.052734
2 0.815079 0.488281 0.057143 0.060547
