0 0.057143 0.366211 0.049206 0.062500
2 0.242857 0.753906 0.100000 0.251953
0 0.255556 0.156250 0.036508 0.033203
1 0.307937 0.185547 0.061905 0.150391
2 0.286508 0.774414 0.022222 0.035156
2 0.383333 0.592773 0.092063 0.175781
1 0.565476 0.166016 0.037302 0.037109
0 0.604762 0.059570 0.042857 0.046875
0 0.626984 0.950195 0.017460 0.027344
0 0.633333 0.066406 0.023810 0.044922
0 0.662698 0.750977 0.041270 0.046875
1 0.728571 0.675781 0.011111 0.009766
2 0.876190 0.194336 0.106349 0.144531
0 0.935714 0.521484 0.050794 0.048828
