0 0.063492 0.229492 0.065079 0.027344
0 0.165079 0.607422 0.023810 0.064453
2 0.291270 0.675781 0.146032 0.236328
1 0.315873 0.495117 0.100000 0.144531
1 0.329365 0.029297 0.022222 0.037109
2 0.438095 0.512695 0.109524 0.078125
2 0.499206 0.679688 0.200000 0.529297
0 0.583333 0.357422 0.053968 0.064453
2 0.690476 0.150391 0.052381 0.154297
1 0.703175 0.263672 0.014286 0.017578
2 0.841270 0.179688 0.100000 0.115234
2 0.876984 0.639648 0.101587 0.054688
2 0.930556 0.429688 0.053175 0.025391
0 0.986508 0.469727 0.015873 0.062500
