1 0.050794 0.838867 0.023810 0.023438
1 0.071825 0.666992 0.027778 0.015625
0 0.199206 0.114258 0.073016 0.031250
2 0.239683 0.236328 0.058730 0.158203
2 0.294444 0.330078 0.104762 0.076172
2 0.328571 0.238281 0.166667 0.298828
0 0.268254 0.675781 0.039683 0.037109
1 0.445635 0.706055 0.046825 0.023438
2 0.515873 0.746094 0.039683 0.162109
0 0.518254 0.413086 0.031746 0.058594
2 0.638889 0.787109 0.038095 0.091797
0 0.696032 0.248047 0.025397 0.021484
1 0.715476 0.196289 0.016667 0.015625
2 0.791270 0.764648 0.079365 0.164062
2 0.829365 0.894531 0.044444 0.033203
1 0.961111 0.457031 0.038095 0.013672
1 0.966667 0.041016 0.026984 0.013672
