0 0.022396 0.657407 0.039583 0.050000
0 0.052083 0.607407 0.009375 0.027778
0 0.117708 0.361111 0.044792 0.020370
2 0.197396 0.897222 0.072917 0.055556
0 0.247396 0.949074 0.022917 0.022222
2 0.266927 0.977778 0.043229 0.038889
1 0.279687 0.983333 0.016667 0.005556
2 0.394271 0.662963 0.077083 0.064815
0 0.424479 0.799537 0.033333 0.013889
0 0.541146 0.320370 0.039583 0.020370
0 0.750000 0.823148 0.032292 0.014815
0 0.790625 0.226852 0.028125 0.029630
2 0.831771 0.771296 0.060417 0.033333
2 0.844531 0.056481 0.054688 0.029630
0 0.966146 0.981481 0.031250 0.016667
