2 0.096032 0.334473 0.111111 0.090820
2 0.474603 0.541016 0.382540 0.681641
0 0.385714 0.451172 0.049206 0.064453
1 0.405556 0.115234 0.015873 0.021484
2 0.457937 0.738281 0.053968 0.166016
0 0.515476 0.758789 0.072222 0.050781
2 0.738889 0.650391 0.142857 0.267578
1 0.711111 0.275391 0.017460 0.017578
2 0.818254 0.103516 0.107937 0.138672
0 0.788889 0.595703 0.042857 0.068359
2 0.875397 0.763184 0.082540 0.127930
0 0.850000 0.349609 0.009524 0.013672
0 0.890476 0.853516 0.026984 0.037109
0 0.912698 0.386719 0.030159 0.044922
