0 0.057937 0.513672 0.028571 0.033203
0 0.112698 0.762695 0.052381 0.023438
0 0.254762 0.243164 0.012698 0.085938
2 0.298413 0.192383 0.068254 0.050781
2 0.561111 0.614258 0.146032 0.148438
0 0.497619 0.409180 0.015873 0.078125
2 0.553175 0.756836 0.114286 0.070312
2 0.607143 0.277344 0.079365 0.076172
0 0.614286 0.151367 0.036508 0.019531
1 0.713492 0.542969 0.022222 0.041016
2 0.756349 0.540039 0.088889 0.125000
2 0.873016 0.872070 0.188889 0.070312
0 0.805952 0.460938 0.038889 0.072266
0 0.822222 0.073242 0.049206 0.082031
