1 0.112698 0.739258 0.011111 0.023438
2 0.219841 0.516602 0.126984 0.136719
2 0.188095 0.273438 0.041270 0.068359
2 0.218254 0.213867 0.060317 0.085938
1 0.255556 0.554688 0.014286 0.017578
0 0.272619 0.402344 0.038889 0.052734
0 0.328571 0.167969 0.049206 0.013672
2 0.409524 0.290039 0.087302 0.097656
2 0.412698 0.156250 0.093651 0.064453
2 0.416667 0.565430 0.088889 0.074219
2 0.446032 0.084961 0.055556 0.078125
1 0.435714 0.789062 0.031746 0.013672
1 0.448413 0.373047 0.022222 0.021484
0 0.520635 0.589844 0.007937 0.044922
2 0.637302 0.760742 0.142857 0.167969
2 0.789683 0.677734 0.393651 0.369141
0 0.850000 0.895508 0.098413 0.089844
1 0.883333 0.021484 0.012698 0.013672
