1 0.044444 0.740234 0.030159 0.056641
1 0.283333 0.819336 0.057143 0.019531
2 0.323016 0.873047 0.120635 0.095703
0 0.279762 0.845703 0.030952 0.029297
0 0.292063 0.397461 0.036508 0.027344
0 0.362698 0.776855 0.098413 0.069336
2 0.396825 0.360352 0.030159 0.117188
2 0.469048 0.779297 0.079365 0.208984
2 0.621429 0.349609 0.212698 0.529297
1 0.536508 0.670898 0.030159 0.031250
2 0.619048 0.411133 0.125397 0.128906
0 0.636508 0.856445 0.061905 0.062500
0 0.662698 0.347656 0.031746 0.025391
1 0.701587 0.775391 0.011111 0.021484
1 0.861111 0.376953 0.025397 0.029297
