0 0.107552 0.362037 0.011979 0.037037
2 0.203125 0.653704 0.098958 0.027778
2 0.438542 0.146296 0.144792 0.042593
0 0.388542 0.867593 0.036458 0.022222
0 0.426042 0.325926 0.019792 0.035185
0 0.445833 0.148611 0.019792 0.004630
0 0.509896 0.570370 0.027083 0.012963
2 0.558854 0.054630 0.054167 0.107407
1 0.555469 0.185185 0.009896 0.009259
0 0.646094 0.609259 0.011979 0.005556
1 0.795312 0.431481 0.014583 0.009259
0 0.844010 0.472222 0.064062 0.027778
2 0.878646 0.816667 0.058333 0.112963
2 0.865365 0.901389 0.022396 0.047222
