0 0.150000 0.801758 0.066667 0.082031
0 0.233333 0.848633 0.119048 0.128906
0 0.226587 0.806641 0.045238 0.041016
1 0.245238 0.553711 0.015873 0.023438
2 0.335714 0.416992 0.123810 0.042969
1 0.342460 0.322266 0.054762 0.068359
0 0.345238 0.959961 0.025397 0.062500
0 0.368254 0.561523 0.065079 0.062500
2 0.384921 0.129883 0.069841 0.187500
2 0.375397 0.523438 0.047619 0.041016
0 0.458730 0.200195 0.039683 0.015625
0 0.538889 0.668945 0.060317 0.015625
0 0.642063 0.322266 0.028571 0.029297
0 0.666667 0.404297 0.030159 0.025391
2 0.788889 0.227539 0.039683 0.015625
1 0.788889 0.258301 0.026984 0.047852
0 0.819841 0.414062 0.053968 0.130859
0 0.919048 0.358398 0.036508 0.035156
2 0.928571 0.259766 0.052381 0.142578
