2 0.127778 0.116211 0.057143 0.082031
0 0.242857 0.603516 0.077778 0.052734
0 0.277778 0.816406 0.071429 0.044922
1 0.253968 0.533203 0.020635 0.052734
2 0.277778 0.519531 0.039683 0.056641
1 0.403968 0.333984 0.022222 0.033203
2 0.504365 0.556641 0.219841 0.482422
2 0.705556 0.605469 0.387302 0.447266
2 0.573016 0.409180 0.068254 0.054688
2 0.746032 0.269531 0.360317 0.255859
2 0.643651 0.834961 0.139683 0.050781
0 0.738889 0.618164 0.031746 0.042969
2 0.763492 0.821289 0.046032 0.089844
0 0.782540 0.665039 0.011111 0.042969
0 0.833730 0.656250 0.034127 0.099609
1 0.963889 0.837891 0.008730 0.025391
