2 0.039583 0.148148 0.076042 0.064815
0 0.036979 0.337037 0.018750 0.009259
2 0.144792 0.733333 0.186458 0.312963
0 0.200000 0.236111 0.036458 0.014815
2 0.289062 0.545370 0.016667 0.044444
2 0.499479 0.235185 0.245833 0.238889
0 0.532552 0.388889 0.020313 0.020370
1 0.567708 0.649074 0.013542 0.011111
2 0.728646 0.741667 0.152083 0.044444
1 0.665104 0.061111 0.016667 0.005556
2 0.677083 0.220370 0.028125 0.079630
0 0.762500 0.301852 0.009375 0.027778
2 0.819792 0.410185 0.061458 0.214815
2 0.953385 0.502778 0.016146 0.051852
