2 0.049206 0.675781 0.036508 0.044922
2 0.048413 0.503906 0.031746 0.056641
0 0.076984 0.468750 0.015873 0.029297
2 0.119841 0.116211 0.060317 0.085938
2 0.129365 0.446289 0.044444 0.074219
2 0.170635 0.238281 0.085714 0.044922
1 0.132540 0.619141 0.009524 0.013672
2 0.280159 0.467773 0.095238 0.085938
2 0.273810 0.245117 0.069841 0.074219
2 0.303175 0.305664 0.100000 0.152344
2 0.379365 0.323242 0.211111 0.464844
0 0.428175 0.799316 0.038889 0.028320
2 0.497222 0.679688 0.089683 0.134766
2 0.546825 0.800781 0.069841 0.029297
2 0.603175 0.518555 0.138095 0.156250
2 0.740476 0.605469 0.031746 0.080078
2 0.767460 0.271484 0.053968 0.083984
