2 0.174603 0.583008 0.058730 0.066406
1 0.190079 0.090820 0.037302 0.050781
0 0.183333 0.792969 0.025397 0.021484
0 0.206349 0.116211 0.046032 0.015625
0 0.288889 0.831055 0.042857 0.074219
2 0.370635 0.174805 0.050794 0.097656
1 0.496032 0.713867 0.260317 0.179688
2 0.429365 0.299805 0.120635 0.203125
0 0.411905 0.864258 0.015873 0.027344
1 0.413095 0.903320 0.011905 0.054688
2 0.497222 0.272461 0.099206 0.144531
2 0.551587 0.305664 0.019048 0.039062
1 0.571825 0.445312 0.011905 0.025391
1 0.657143 0.620117 0.014286 0.015625
0 0.721429 0.753906 0.022222 0.021484
2 0.762698 0.134766 0.082540 0.029297
2 0.803968 0.583984 0.057143 0.130859
0 0.874603 0.698242 0.030159 0.089844
