0 0.064286 0.787109 0.053968 0.037109
2 0.142857 0.315430 0.106349 0.136719
1 0.121429 0.329102 0.012698 0.011719
0 0.164286 0.742188 0.063492 0.048828
2 0.184127 0.100586 0.090476 0.125000
2 0.163889 0.286133 0.030952 0.070312
2 0.290476 0.759766 0.182540 0.412109
1 0.216667 0.866211 0.012698 0.046875
1 0.345238 0.643555 0.009524 0.015625
0 0.626190 0.181641 0.085714 0.076172
0 0.680159 0.617188 0.015873 0.033203
1 0.682540 0.419922 0.011111 0.017578
0 0.705556 0.119141 0.025397 0.029297
1 0.783333 0.856445 0.101587 0.085938
0 0.866667 0.914551 0.065079 0.020508
2 0.927778 0.280273 0.038095 0.078125
