0 0.088889 0.648438 0.039683 0.017578
0 0.116667 0.076172 0.060317 0.072266
2 0.143651 0.645508 0.095238 0.179688
2 0.207937 0.726562 0.042857 0.076172
0 0.364286 0.844727 0.022222 0.046875
2 0.417460 0.894531 0.058730 0.126953
0 0.446032 0.912109 0.020635 0.099609
0 0.500794 0.233398 0.063492 0.058594
0 0.596032 0.338867 0.120635 0.058594
0 0.571429 0.925781 0.033333 0.041016
1 0.584921 0.537109 0.047619 0.064453
1 0.596825 0.832031 0.030159 0.060547
0 0.699206 0.341797 0.019048 0.017578
0 0.707937 0.140625 0.014286 0.068359
0 0.831746 0.799805 0.049206 0.023438
2 0.879365 0.927734 0.023810 0.068359
2 0.926190 0.548828 0.085714 0.048828
