2 0.090476 0.338867 0.131746 0.218750
2 0.048413 0.308594 0.028571 0.029297
2 0.107143 0.750000 0.057143 0.216797
0 0.107937 0.147461 0.014286 0.007812
2 0.320635 0.610352 0.436508 0.257812
0 0.147619 0.643555 0.055556 0.031250
0 0.228571 0.462891 0.017460 0.052734
0 0.312698 0.527344 0.042857 0.189453
1 0.453968 0.222656 0.157143 0.279297
2 0.554762 0.183594 0.038095 0.052734
0 0.577778 0.575195 0.020635 0.042969
1 0.707143 0.320312 0.161905 0.298828
1 0.826190 0.708008 0.015873 0.015625
0 0.922222 0.619141 0.023810 0.021484
