0 0.072396 0.723148 0.035417 0.018519
0 0.145833 0.156481 0.026042 0.051852
2 0.313281 0.243519 0.038021 0.144444
0 0.322396 0.774074 0.031250 0.012963
0 0.353646 0.387037 0.020833 0.038889
2 0.438542 0.856481 0.103125 0.151852
0 0.539062 0.911111 0.016667 0.009259
0 0.592708 0.758333 0.036458 0.007407
0 0.658073 0.414815 0.009896 0.061111
0 0.755729 0.337963 0.027083 0.007407
0 0.789062 0.280556 0.031250 0.025926
2 0.890104 0.131481 0.052083 0.046296
0 0.913542 0.875926 0.011458 0.031481
1 0.938802 0.262963 0.014063 0.020370
