2 0.139683 0.411133 0.128571 0.070312
0 0.126984 0.197266 0.087302 0.099609
0 0.141270 0.344727 0.058730 0.078125
2 0.171429 0.650391 0.084127 0.123047
0 0.169841 0.546875 0.046032 0.033203
2 0.234127 0.920898 0.130159 0.058594
0 0.211508 0.693359 0.015079 0.017578
2 0.337302 0.337891 0.184127 0.220703
2 0.337302 0.635742 0.060317 0.058594
1 0.353175 0.862305 0.012698 0.011719
0 0.449206 0.872070 0.023810 0.050781
0 0.507540 0.850586 0.067460 0.050781
0 0.492857 0.656250 0.022222 0.056641
1 0.521429 0.546875 0.028571 0.029297
0 0.665079 0.884766 0.036508 0.033203
1 0.672222 0.507812 0.015873 0.009766
0 0.822222 0.588867 0.023810 0.156250
0 0.887302 0.581055 0.036508 0.015625
0 0.895238 0.795898 0.046032 0.082031
1 0.938095 0.235352 0.011111 0.027344
