2 0.042708 0.874074 0.032292 0.116667
0 0.054167 0.971296 0.040625 0.011111
2 0.191667 0.460185 0.059375 0.100000
2 0.241667 0.230556 0.146875 0.122222
2 0.266667 0.407407 0.071875 0.075926
2 0.300521 0.297222 0.089583 0.074074
0 0.279167 0.331481 0.011458 0.016667
0 0.289583 0.854630 0.013542 0.033333
2 0.399479 0.842593 0.072917 0.042593
2 0.646875 0.095370 0.082292 0.133333
2 0.718750 0.814815 0.134375 0.038889
2 0.685937 0.069444 0.045833 0.051852
0 0.741667 0.095370 0.042708 0.011111
2 0.945833 0.837037 0.051042 0.175926
