2 0.053175 0.216797 0.034921 0.064453
0 0.085714 0.899414 0.052381 0.140625
0 0.096032 0.036133 0.060317 0.046875
0 0.104762 0.369141 0.026984 0.033203
2 0.144048 0.711914 0.065873 0.105469
2 0.397619 0.796875 0.317460 0.158203
2 0.296825 0.889648 0.077778 0.054688
2 0.370635 0.483398 0.038095 0.078125
2 0.465873 0.267578 0.050794 0.048828
0 0.468254 0.137695 0.017460 0.035156
2 0.543651 0.285156 0.126984 0.068359
2 0.599206 0.838867 0.085714 0.160156
2 0.727778 0.458008 0.174603 0.257812
0 0.812698 0.208008 0.030159 0.136719
2 0.921429 0.693359 0.031746 0.072266
0 0.926984 0.125000 0.023810 0.021484
