2 0.134127 0.381836 0.209524 0.121094
1 0.133333 0.941406 0.011111 0.009766
0 0.153175 0.230469 0.041270 0.080078
2 0.333333 0.121094 0.141270 0.158203
0 0.287302 0.294922 0.020635 0.060547
2 0.438889 0.137695 0.168254 0.109375
2 0.423413 0.433594 0.162698 0.080078
1 0.421429 0.318359 0.012698 0.048828
2 0.529365 0.475586 0.126984 0.171875
0 0.570635 0.877930 0.031746 0.035156
0 0.595238 0.872070 0.036508 0.027344
0 0.604762 0.906250 0.011111 0.025391
1 0.655556 0.651367 0.030159 0.023438
2 0.750000 0.404297 0.053968 0.185547
0 0.767460 0.783203 0.076190 0.037109
2 0.846032 0.240234 0.131746 0.142578
0 0.868254 0.727539 0.049206 0.125000
