2 0.038542 0.206481 0.030208 0.111111
1 0.065365 0.824074 0.010937 0.009259
2 0.235937 0.642593 0.291667 0.487037
0 0.136979 0.684259 0.010417 0.029630
2 0.291927 0.591667 0.033854 0.074074
0 0.310156 0.931481 0.065104 0.027778
2 0.395833 0.804630 0.048958 0.044444
2 0.522396 0.599074 0.062500 0.100000
0 0.519271 0.142593 0.016667 0.046296
0 0.590365 0.875000 0.007812 0.014815
2 0.736979 0.446296 0.054167 0.061111
0 0.780729 0.451852 0.035417 0.031481
1 0.811719 0.056481 0.011979 0.007407
2 0.905729 0.700000 0.177083 0.298148
2 0.882031 0.542593 0.102604 0.120370
