2 0.294792 0.259259 0.094792 0.053704
2 0.304688 0.575926 0.054167 0.142593
2 0.346875 0.768519 0.105208 0.053704
0 0.320312 0.675000 0.027083 0.011111
1 0.373698 0.671296 0.006771 0.022222
1 0.420573 0.882407 0.008854 0.007407
0 0.439323 0.856944 0.008854 0.013889
1 0.494010 0.755556 0.005729 0.009259
0 0.647917 0.490741 0.023958 0.005556
2 0.683854 0.543519 0.052083 0.044444
1 0.676823 0.145370 0.006771 0.014815
1 0.750781 0.325000 0.006771 0.014815
2 0.827083 0.281481 0.146875 0.042593
0 0.790104 0.860185 0.016667 0.014815
2 0.928646 0.154630 0.102083 0.077778
0 0.931250 0.614815 0.026042 0.012963
