1 0.068651 0.723633 0.011905 0.027344
2 0.157937 0.728516 0.130159 0.080078
2 0.164286 0.575195 0.044444 0.125000
1 0.188889 0.089844 0.014286 0.009766
0 0.193651 0.972656 0.020635 0.037109
1 0.235317 0.383789 0.010317 0.015625
2 0.320635 0.820312 0.150794 0.083984
2 0.399206 0.400391 0.104762 0.166016
1 0.361905 0.040039 0.014286 0.046875
2 0.385714 0.918945 0.052381 0.113281
1 0.462698 0.584961 0.009524 0.015625
2 0.525397 0.600586 0.125397 0.257812
2 0.711905 0.094727 0.076190 0.105469
2 0.746825 0.343750 0.044444 0.123047
2 0.865079 0.115234 0.093651 0.072266
0 0.862698 0.442383 0.028571 0.046875
2 0.946032 0.631836 0.052381 0.171875
