1 0.040476 0.044922 0.015873 0.013672
0 0.151587 0.649414 0.034921 0.097656
1 0.217460 0.150391 0.026984 0.021484
0 0.232937 0.203125 0.034127 0.041016
2 0.246032 0.289062 0.058730 0.083984
0 0.250000 0.038086 0.025397 0.042969
1 0.290476 0.048828 0.011111 0.009766
2 0.328571 0.872070 0.049206 0.183594
0 0.319841 0.135742 0.019048 0.058594
2 0.638889 0.267578 0.073016 0.017578
2 0.684127 0.115234 0.046032 0.099609
1 0.703175 0.913086 0.077778 0.050781
1 0.721429 0.648438 0.047619 0.033203
2 0.806349 0.121094 0.052381 0.068359
1 0.875794 0.711914 0.013492 0.011719
2 0.934127 0.894531 0.071429 0.048828
