0 0.067460 0.458008 0.047619 0.035156
1 0.121429 0.341797 0.015873 0.033203
2 0.203968 0.278320 0.158730 0.175781
2 0.258730 0.882812 0.144444 0.099609
0 0.337302 0.883789 0.060317 0.031250
1 0.324603 0.822754 0.022222 0.012695
0 0.371429 0.127930 0.046032 0.054688
0 0.541270 0.954102 0.017460 0.027344
0 0.557937 0.811523 0.044444 0.078125
2 0.596032 0.805664 0.060317 0.125000
1 0.638889 0.727539 0.009524 0.011719
0 0.695238 0.399414 0.052381 0.070312
2 0.776190 0.876953 0.052381 0.083984
0 0.933333 0.513672 0.055556 0.041016
