0 0.088802 0.327778 0.017188 0.094444
2 0.189583 0.522222 0.042708 0.068519
0 0.228125 0.094444 0.038542 0.016667
1 0.228646 0.907407 0.010417 0.020370
0 0.285677 0.157407 0.011979 0.035185
0 0.297135 0.228704 0.019271 0.107407
2 0.333854 0.522222 0.077083 0.079630
0 0.313542 0.406944 0.009375 0.013889
2 0.500521 0.637037 0.075000 0.075926
0 0.538021 0.564815 0.006250 0.031481
2 0.593490 0.098148 0.046354 0.024074
2 0.677083 0.279630 0.034375 0.098148
0 0.780208 0.706944 0.007292 0.010185
0 0.945833 0.714815 0.046875 0.020370
