0 0.087302 0.937500 0.058730 0.056641
2 0.105556 0.603516 0.041270 0.080078
0 0.173810 0.463867 0.028571 0.035156
2 0.223016 0.765625 0.079365 0.115234
1 0.265873 0.572266 0.012698 0.021484
1 0.330952 0.458008 0.019048 0.007812
2 0.576190 0.898438 0.226984 0.138672
2 0.607937 0.068359 0.096825 0.107422
1 0.694048 0.577637 0.132540 0.088867
2 0.796429 0.416992 0.178571 0.117188
1 0.777778 0.314453 0.106349 0.083984
0 0.793651 0.630859 0.017460 0.080078
1 0.834127 0.340820 0.022222 0.027344
2 0.894444 0.541992 0.028571 0.058594
