2 0.033333 0.853516 0.036508 0.037109
2 0.139683 0.794922 0.030159 0.091797
1 0.188889 0.547852 0.030159 0.027344
0 0.276984 0.237305 0.098413 0.050781
2 0.307937 0.398438 0.147619 0.197266
2 0.302381 0.910156 0.066667 0.064453
1 0.326190 0.768555 0.015873 0.027344
0 0.366667 0.195312 0.049206 0.060547
0 0.364286 0.377930 0.025397 0.035156
0 0.371429 0.099609 0.030159 0.044922
2 0.460317 0.612305 0.084127 0.066406
1 0.477778 0.862305 0.011111 0.015625
2 0.532540 0.600586 0.063492 0.191406
1 0.554762 0.038086 0.015873 0.027344
2 0.624603 0.634766 0.066667 0.201172
1 0.668254 0.434570 0.020635 0.019531
2 0.868254 0.457031 0.128571 0.123047
