0 0.020313 0.618056 0.018750 0.006481
2 0.145833 0.575926 0.215625 0.212963
0 0.080469 0.190741 0.021354 0.027778
2 0.169531 0.741667 0.026562 0.033333
2 0.217708 0.124074 0.061458 0.057407
2 0.264062 0.325000 0.093750 0.070370
0 0.301563 0.684259 0.056250 0.025926
1 0.399479 0.009259 0.006250 0.009259
0 0.430729 0.120370 0.027083 0.024074
2 0.552865 0.214815 0.030729 0.064815
2 0.652083 0.398148 0.096875 0.050000
1 0.663802 0.165741 0.005729 0.011111
2 0.894792 0.268519 0.142708 0.187037
2 0.854167 0.940741 0.042708 0.075926
2 0.919271 0.490741 0.075000 0.083333
2 0.919271 0.861111 0.047917 0.127778
