0 0.098413 0.581055 0.046032 0.039062
0 0.120635 0.093750 0.046032 0.021484
2 0.165873 0.425781 0.079365 0.103516
2 0.330952 0.562988 0.057143 0.043945
0 0.376587 0.042969 0.024603 0.029297
2 0.414286 0.546875 0.023810 0.060547
1 0.424603 0.636719 0.034921 0.048828
1 0.468254 0.393555 0.020635 0.027344
1 0.534127 0.657227 0.019048 0.007812
1 0.586905 0.591797 0.021429 0.056641
1 0.654762 0.703125 0.019048 0.033203
2 0.741667 0.422852 0.110317 0.164062
2 0.796825 0.177734 0.042857 0.044922
1 0.791270 0.248047 0.022222 0.029297
0 0.905952 0.742188 0.059524 0.146484
1 0.900000 0.131836 0.014286 0.027344
0 0.967460 0.096680 0.034921 0.039062
