0 0.192460 0.491211 0.016667 0.050781
1 0.236508 0.422363 0.036508 0.032227
0 0.243651 0.223633 0.044444 0.050781
0 0.300794 0.076172 0.126984 0.056641
2 0.353175 0.579102 0.177778 0.183594
2 0.315079 0.800781 0.053968 0.123047
2 0.413492 0.419922 0.203175 0.091797
2 0.387302 0.165039 0.049206 0.050781
1 0.441270 0.389648 0.014286 0.023438
2 0.491270 0.626953 0.076190 0.158203
0 0.517857 0.845703 0.021429 0.033203
0 0.538889 0.857422 0.044444 0.037109
2 0.690079 0.382812 0.057937 0.044922
2 0.755556 0.285156 0.087302 0.181641
2 0.830952 0.204102 0.142857 0.226562
0 0.820635 0.309570 0.074603 0.023438
2 0.809524 0.333984 0.033333 0.099609
