2 0.181250 0.468519 0.176042 0.172222
2 0.160938 0.830556 0.093750 0.070370
2 0.226562 0.056481 0.147917 0.077778
0 0.254167 0.702778 0.036458 0.007407
2 0.324740 0.083333 0.038021 0.068519
0 0.502604 0.048148 0.018750 0.016667
1 0.535417 0.503704 0.032292 0.009259
2 0.576823 0.770370 0.026562 0.057407
0 0.682813 0.783333 0.029167 0.057407
0 0.743229 0.120370 0.025000 0.009259
0 0.877083 0.972222 0.030208 0.038889
1 0.885938 0.037037 0.010417 0.016667
1 0.964583 0.332407 0.005208 0.014815
2 0.985677 0.176852 0.020313 0.037037
