0 0.043651 0.272461 0.015873 0.027344
1 0.092857 0.418945 0.028571 0.074219
0 0.315079 0.716797 0.028571 0.060547
2 0.548413 0.533203 0.428571 0.236328
0 0.354365 0.111328 0.018254 0.052734
2 0.388889 0.344727 0.030159 0.050781
2 0.619841 0.453125 0.326984 0.478516
2 0.621032 0.737305 0.080159 0.113281
2 0.684921 0.358398 0.146032 0.144531
2 0.780159 0.127930 0.060317 0.039062
0 0.853175 0.609375 0.184127 0.123047
2 0.860317 0.637695 0.160317 0.113281
0 0.810317 0.563477 0.012698 0.019531
0 0.934127 0.266602 0.031746 0.089844
