2 0.040476 0.930664 0.053968 0.035156
0 0.045635 0.250000 0.056349 0.048828
2 0.065873 0.433594 0.095238 0.072266
1 0.029365 0.523438 0.012698 0.037109
0 0.042063 0.707031 0.025397 0.041016
2 0.114286 0.277344 0.103175 0.044922
0 0.150000 0.582031 0.149206 0.115234
0 0.165079 0.544922 0.071429 0.056641
1 0.159524 0.649414 0.022222 0.042969
2 0.273810 0.752930 0.092063 0.054688
2 0.427778 0.541992 0.282540 0.707031
0 0.324206 0.898438 0.027778 0.029297
2 0.383333 0.200195 0.060317 0.050781
0 0.371429 0.586914 0.023810 0.031250
2 0.615079 0.255859 0.017460 0.029297
1 0.650000 0.253906 0.034921 0.052734
0 0.720635 0.526367 0.033333 0.058594
