0 0.038889 0.171875 0.022222 0.080078
2 0.171429 0.659180 0.236508 0.140625
0 0.226984 0.180664 0.014286 0.078125
0 0.296825 0.196289 0.036508 0.035156
2 0.537302 0.670898 0.403175 0.238281
2 0.388889 0.392578 0.079365 0.080078
0 0.496032 0.247070 0.017460 0.039062
2 0.676984 0.446289 0.155556 0.066406
1 0.653968 0.759766 0.014286 0.017578
0 0.702381 0.864258 0.025397 0.035156
1 0.734127 0.333008 0.022222 0.011719
2 0.838095 0.749023 0.160317 0.074219
0 0.823016 0.343262 0.073016 0.038086
0 0.900000 0.174805 0.017460 0.019531
0 0.925000 0.453613 0.035714 0.016602
