0 0.067460 0.326172 0.022222 0.044922
1 0.073016 0.220703 0.011111 0.033203
2 0.294444 0.605469 0.107937 0.208984
2 0.373810 0.786133 0.203175 0.203125
0 0.363095 0.574219 0.015079 0.021484
2 0.494444 0.335938 0.088889 0.083984
0 0.488095 0.663086 0.025397 0.031250
2 0.530159 0.241211 0.087302 0.132812
1 0.507937 0.205078 0.026984 0.021484
2 0.707937 0.472656 0.369841 0.466797
2 0.620635 0.854492 0.096825 0.160156
0 0.650794 0.396484 0.039683 0.044922
2 0.811111 0.883789 0.017460 0.062500
2 0.828175 0.031250 0.016667 0.041016
0 0.851587 0.099609 0.019048 0.048828
1 0.876984 0.599609 0.009524 0.013672
1 0.937302 0.891113 0.057143 0.043945
