0 0.081349 0.210938 0.011905 0.033203
2 0.212698 0.770508 0.058730 0.054688
1 0.294444 0.872070 0.076190 0.097656
0 0.316667 0.832031 0.038095 0.076172
2 0.412698 0.503906 0.096825 0.068359
2 0.415476 0.123047 0.045238 0.041016
0 0.458730 0.455078 0.068254 0.068359
2 0.505556 0.177734 0.104762 0.224609
0 0.497619 0.155273 0.047619 0.035156
2 0.600794 0.561523 0.212698 0.093750
2 0.616667 0.120117 0.104762 0.097656
2 0.621429 0.110352 0.095238 0.152344
2 0.649206 0.530273 0.039683 0.082031
0 0.643651 0.647461 0.012698 0.082031
0 0.692857 0.667969 0.025397 0.025391
0 0.817460 0.833984 0.046032 0.123047
1 0.919841 0.941406 0.009524 0.044922
