0 0.106349 0.345703 0.128571 0.091797
0 0.146032 0.404297 0.030159 0.029297
2 0.302381 0.703125 0.117460 0.169922
0 0.288095 0.796875 0.028571 0.048828
0 0.425397 0.317383 0.119048 0.066406
0 0.471429 0.660156 0.115873 0.029297
0 0.516667 0.559570 0.057143 0.117188
1 0.517460 0.552734 0.011111 0.009766
0 0.537302 0.729492 0.028571 0.062500
2 0.561905 0.340820 0.071429 0.082031
0 0.636508 0.737793 0.055556 0.034180
0 0.668254 0.918945 0.065079 0.039062
2 0.740873 0.416016 0.072222 0.130859
2 0.751587 0.387695 0.050794 0.117188
2 0.775397 0.684570 0.098413 0.187500
2 0.760317 0.954102 0.017460 0.042969
