1 0.051190 0.869141 0.065873 0.052734
2 0.316667 0.408203 0.228571 0.107422
0 0.347619 0.729492 0.131746 0.136719
0 0.382937 0.502930 0.096032 0.128906
1 0.442857 0.467285 0.039683 0.008789
0 0.432540 0.871094 0.041270 0.041016
2 0.453175 0.666992 0.063492 0.132812
0 0.616667 0.199219 0.142857 0.103516
2 0.560317 0.498047 0.030159 0.087891
2 0.726190 0.598633 0.184127 0.078125
2 0.716667 0.505859 0.098413 0.583984
0 0.838889 0.583008 0.066667 0.093750
2 0.926190 0.698242 0.092063 0.027344
2 0.919048 0.167969 0.058730 0.138672
2 0.950794 0.135742 0.055556 0.089844
1 0.942857 0.555664 0.017460 0.015625
