1 0.207292 0.090741 0.005208 0.020370
2 0.217708 0.111111 0.019792 0.046296
1 0.220052 0.805556 0.016146 0.005556
0 0.232813 0.515741 0.037500 0.025926
1 0.254688 0.775926 0.014583 0.005556
0 0.270833 0.641204 0.019792 0.004630
0 0.286979 0.319444 0.010417 0.025926
0 0.343750 0.505556 0.032292 0.020370
0 0.391406 0.108333 0.018229 0.100000
1 0.427604 0.845370 0.008333 0.014815
2 0.495312 0.487037 0.083333 0.024074
1 0.717708 0.488426 0.011458 0.006481
0 0.879948 0.689815 0.033854 0.018519
2 0.935417 0.846296 0.040625 0.020370
