1 0.075000 0.083333 0.017708 0.005556
0 0.148698 0.406481 0.010937 0.033333
0 0.225000 0.341667 0.034375 0.014815
1 0.338021 0.175926 0.006250 0.009259
2 0.606771 0.397222 0.197917 0.192593
1 0.569792 0.684259 0.030208 0.011111
2 0.614583 0.501852 0.073958 0.075926
1 0.619531 0.956481 0.008854 0.007407
2 0.684896 0.193519 0.052083 0.081481
2 0.718750 0.582407 0.069792 0.070370
0 0.786458 0.362963 0.007292 0.027778
2 0.850000 0.078704 0.059375 0.044444
2 0.911458 0.690741 0.071875 0.105556
1 0.908594 0.142593 0.005729 0.012963
