0 0.066667 0.656250 0.052381 0.033203
2 0.085714 0.748047 0.049206 0.107422
0 0.169048 0.667969 0.031746 0.056641
2 0.227778 0.964844 0.092063 0.029297
2 0.243651 0.767578 0.107937 0.134766
2 0.261111 0.571289 0.050794 0.082031
1 0.288889 0.912109 0.011111 0.009766
2 0.485714 0.431641 0.385714 0.521484
1 0.355952 0.948242 0.013492 0.019531
0 0.430159 0.336914 0.077778 0.101562
1 0.449206 0.525391 0.011111 0.009766
1 0.463492 0.673828 0.011111 0.017578
1 0.646032 0.593262 0.052381 0.014648
2 0.722222 0.359375 0.185714 0.197266
1 0.778571 0.862305 0.019048 0.019531
1 0.850794 0.555664 0.014286 0.019531
1 0.857540 0.941406 0.024603 0.013672
0 0.972222 0.844727 0.041270 0.031250
