2 0.048438 0.234259 0.093750 0.070370
0 0.054167 0.812963 0.034375 0.012963
0 0.101042 0.514815 0.030208 0.009259
1 0.269792 0.373148 0.007292 0.011111
2 0.346354 0.414815 0.056250 0.057407
2 0.544792 0.245370 0.290625 0.485185
0 0.417187 0.066667 0.012500 0.035185
2 0.436719 0.699074 0.033854 0.074074
1 0.442708 0.704630 0.009375 0.018519
1 0.495312 0.750000 0.014583 0.005556
0 0.519792 0.652778 0.030208 0.059259
0 0.677083 0.929630 0.040625 0.016667
2 0.665625 0.061111 0.006250 0.024074
0 0.689063 0.550926 0.035417 0.007407
0 0.679167 0.333333 0.005208 0.012963
0 0.798958 0.959259 0.004167 0.020370
0 0.963021 0.279630 0.039583 0.020370
