2 0.109896 0.503704 0.068750 0.138889
0 0.085938 0.965741 0.020833 0.059259
2 0.127604 0.149074 0.070833 0.074074
0 0.390625 0.187963 0.017708 0.014815
1 0.514323 0.636111 0.017188 0.007407
2 0.599219 0.390741 0.031771 0.068519
0 0.727083 0.825926 0.071875 0.012963
1 0.709375 0.397685 0.011458 0.006481
2 0.773958 0.561111 0.096875 0.079630
2 0.866146 0.339815 0.231250 0.225926
0 0.789062 0.250926 0.018750 0.051852
0 0.794792 0.618519 0.030208 0.012963
0 0.805469 0.905556 0.020313 0.020370
0 0.878646 0.488889 0.035417 0.031481
0 0.881771 0.051852 0.006250 0.031481
