2 0.093750 0.420370 0.142708 0.138889
2 0.078125 0.291667 0.059375 0.062963
2 0.162500 0.200000 0.026042 0.075926
0 0.191146 0.090741 0.029167 0.031481
0 0.191406 0.125000 0.010937 0.033333
2 0.260417 0.900926 0.069792 0.062963
2 0.306250 0.134722 0.028125 0.058333
2 0.317188 0.100926 0.031250 0.077778
2 0.344271 0.573148 0.031250 0.092593
1 0.371875 0.712963 0.013542 0.005556
1 0.389062 0.660185 0.008333 0.025926
0 0.475000 0.474074 0.048958 0.009259
0 0.467187 0.573148 0.022917 0.007407
2 0.510417 0.418519 0.067708 0.068519
1 0.613542 0.393519 0.005208 0.018519
1 0.734115 0.841667 0.010937 0.014815
