2 0.148958 0.802778 0.073958 0.062963
2 0.350000 0.792593 0.155208 0.153704
2 0.343750 0.205556 0.073958 0.146296
0 0.366667 0.210185 0.017708 0.014815
0 0.604167 0.685185 0.028125 0.016667
2 0.627604 0.557407 0.058333 0.053704
1 0.607552 0.445370 0.009896 0.007407
0 0.667708 0.870370 0.059375 0.024074
1 0.684115 0.050926 0.006771 0.011111
0 0.724479 0.610185 0.016667 0.033333
2 0.856250 0.726852 0.078125 0.059259
2 0.906771 0.929167 0.033333 0.069444
0 0.909896 0.278704 0.014583 0.088889
0 0.961458 0.277315 0.034375 0.013889
