1 0.126587 0.104492 0.019841 0.011719
2 0.241270 0.139648 0.042857 0.074219
0 0.311905 0.505859 0.028571 0.130859
2 0.411905 0.333984 0.104762 0.251953
1 0.368254 0.643555 0.017460 0.062500
1 0.459524 0.591797 0.022222 0.025391
0 0.657937 0.859375 0.063492 0.052734
2 0.703968 0.105469 0.082540 0.154297
0 0.708730 0.399414 0.041270 0.121094
0 0.729365 0.199219 0.060317 0.048828
2 0.857937 0.447266 0.101587 0.220703
2 0.823016 0.051758 0.015873 0.066406
0 0.875397 0.733887 0.098413 0.065430
0 0.849206 0.229492 0.014286 0.035156
0 0.886905 0.207031 0.024603 0.037109
0 0.908730 0.541992 0.031746 0.050781
2 0.922222 0.751953 0.058730 0.076172
