0 0.036508 0.357422 0.046032 0.041016
0 0.112698 0.704102 0.087302 0.035156
2 0.117857 0.699219 0.096032 0.052734
2 0.165873 0.579102 0.165079 0.105469
2 0.282540 0.489258 0.325397 0.140625
2 0.257937 0.075195 0.069841 0.054688
1 0.334921 0.668945 0.020635 0.019531
2 0.412698 0.478516 0.093651 0.041016
2 0.677778 0.512695 0.423810 0.410156
2 0.526984 0.524414 0.090476 0.066406
0 0.567460 0.740234 0.019048 0.056641
0 0.572222 0.507812 0.025397 0.025391
0 0.579762 0.556641 0.024603 0.115234
2 0.627778 0.681641 0.066667 0.134766
2 0.666667 0.109375 0.049206 0.033203
2 0.920635 0.316406 0.100000 0.076172
1 0.970635 0.629883 0.015873 0.011719
