2 0.150000 0.490234 0.098413 0.123047
0 0.130159 0.813477 0.039683 0.039062
2 0.198413 0.410156 0.036508 0.068359
1 0.184921 0.677734 0.009524 0.021484
2 0.242063 0.791016 0.044444 0.115234
0 0.438095 0.195312 0.052381 0.041016
0 0.487302 0.353516 0.065079 0.064453
0 0.532540 0.431641 0.031746 0.087891
0 0.605556 0.306641 0.031746 0.033203
0 0.652381 0.041992 0.033333 0.042969
2 0.792857 0.674805 0.273016 0.195312
2 0.695238 0.357422 0.046032 0.119141
0 0.692063 0.757812 0.026984 0.037109
0 0.688889 0.271484 0.017460 0.052734
0 0.763492 0.315430 0.065079 0.019531
2 0.857937 0.460938 0.158730 0.095703
0 0.946032 0.442383 0.068254 0.074219
