2 0.138889 0.371094 0.136508 0.228516
2 0.199206 0.551758 0.228571 0.175781
0 0.336508 0.211914 0.033333 0.082031
0 0.336508 0.153320 0.023810 0.066406
0 0.355556 0.802734 0.036508 0.044922
1 0.364286 0.960938 0.012698 0.025391
1 0.447619 0.112305 0.020635 0.019531
0 0.565079 0.391602 0.052381 0.109375
1 0.623016 0.895996 0.053968 0.061523
2 0.707937 0.347656 0.071429 0.173828
0 0.703175 0.374023 0.046032 0.039062
2 0.736508 0.699219 0.074603 0.115234
0 0.762698 0.819336 0.034921 0.050781
0 0.829365 0.235352 0.038095 0.042969
0 0.874603 0.233398 0.033333 0.058594
1 0.945635 0.796875 0.016667 0.017578
