0 0.058730 0.278320 0.011111 0.042969
2 0.108730 0.498047 0.082540 0.177734
2 0.090476 0.690430 0.042857 0.089844
2 0.093651 0.708984 0.046032 0.029297
2 0.318254 0.210938 0.117460 0.115234
2 0.291667 0.164062 0.032540 0.056641
0 0.292063 0.360352 0.020635 0.109375
1 0.315873 0.463867 0.014286 0.011719
1 0.426984 0.053223 0.014286 0.012695
1 0.437698 0.246094 0.005556 0.025391
0 0.447619 0.813477 0.014286 0.023438
2 0.559524 0.675781 0.231746 0.177734
2 0.634127 0.161133 0.082540 0.054688
0 0.783333 0.368164 0.066667 0.117188
1 0.773016 0.425781 0.007937 0.025391
0 0.876984 0.217773 0.019048 0.058594
0 0.887302 0.349609 0.023810 0.041016
