2 0.047917 0.930556 0.059375 0.092593
0 0.143750 0.036111 0.019792 0.011111
0 0.159896 0.161111 0.010417 0.009259
2 0.323437 0.107407 0.106250 0.157407
2 0.405469 0.282407 0.072396 0.037037
0 0.388021 0.967593 0.010417 0.037037
0 0.421354 0.112963 0.062500 0.009259
1 0.573698 0.558333 0.025521 0.007407
0 0.586458 0.118981 0.032292 0.012037
2 0.613542 0.202778 0.071875 0.107407
0 0.618750 0.367593 0.034375 0.022222
1 0.696354 0.784259 0.029167 0.007407
2 0.735938 0.256481 0.037500 0.140741
2 0.753125 0.108333 0.036458 0.077778
0 0.817708 0.200000 0.019792 0.024074
0 0.839063 0.142593 0.025000 0.009259
0 0.961979 0.398148 0.039583 0.027778
