0 0.050397 0.708984 0.042063 0.033203
2 0.251587 0.540039 0.393651 0.257812
2 0.150794 0.535156 0.020635 0.048828
0 0.290476 0.210938 0.150794 0.025391
2 0.500794 0.190430 0.282540 0.175781
1 0.426190 0.322266 0.028571 0.025391
2 0.503968 0.665039 0.069841 0.105469
1 0.547619 0.072266 0.087302 0.103516
1 0.553175 0.339844 0.095238 0.134766
0 0.552381 0.667969 0.061905 0.130859
1 0.655556 0.967773 0.017460 0.015625
2 0.684921 0.532227 0.031746 0.050781
2 0.727778 0.484375 0.082540 0.103516
0 0.699206 0.161133 0.022222 0.039062
2 0.737302 0.554688 0.082540 0.138672
0 0.883333 0.822266 0.047619 0.048828
0 0.941270 0.948242 0.017460 0.027344
