0 0.019048 0.622070 0.020635 0.101562
0 0.187698 0.334961 0.097619 0.019531
2 0.164286 0.414062 0.041270 0.068359
0 0.173016 0.910156 0.030159 0.083984
2 0.242857 0.414062 0.055556 0.095703
2 0.372222 0.220703 0.057143 0.107422
1 0.361111 0.473633 0.022222 0.035156
0 0.404762 0.856445 0.046032 0.093750
2 0.580159 0.259766 0.390476 0.232422
0 0.457143 0.388672 0.030159 0.033203
2 0.528571 0.333984 0.046032 0.041016
2 0.548413 0.375977 0.044444 0.089844
2 0.676984 0.694336 0.260317 0.484375
2 0.643651 0.856445 0.088889 0.203125
2 0.687302 0.597656 0.033333 0.033203
2 0.875397 0.421875 0.120635 0.083984
2 0.873016 0.489258 0.042857 0.082031
2 0.919841 0.899414 0.076190 0.074219
