0 0.103175 0.025391 0.049206 0.041016
2 0.334921 0.606445 0.461905 0.550781
2 0.170635 0.611328 0.098413 0.107422
2 0.457143 0.455078 0.582540 0.412109
0 0.215079 0.095703 0.034921 0.041016
2 0.273016 0.684570 0.096825 0.070312
0 0.396032 0.153320 0.092063 0.113281
0 0.430159 0.712891 0.033333 0.009766
2 0.496032 0.375977 0.015873 0.089844
0 0.565873 0.365234 0.028571 0.060547
1 0.695238 0.082031 0.023810 0.037109
0 0.754762 0.780273 0.007937 0.058594
1 0.846825 0.360352 0.025397 0.023438
2 0.950000 0.937012 0.066667 0.053711
0 0.966667 0.363281 0.030159 0.060547
