2 0.119048 0.100586 0.106349 0.105469
0 0.144444 0.649414 0.026984 0.085938
2 0.250794 0.428711 0.071429 0.066406
2 0.248413 0.334961 0.050794 0.156250
2 0.292063 0.391602 0.046032 0.089844
0 0.341270 0.717773 0.100000 0.046875
0 0.354365 0.885742 0.027778 0.007812
1 0.378968 0.581055 0.013492 0.070312
2 0.448810 0.539062 0.083333 0.068359
1 0.461111 0.508789 0.022222 0.039062
2 0.630952 0.746094 0.123810 0.119141
2 0.661111 0.373047 0.171429 0.392578
0 0.615873 0.604492 0.039683 0.050781
0 0.685714 0.963867 0.046032 0.035156
2 0.761905 0.769531 0.188889 0.259766
2 0.827778 0.302734 0.168254 0.177734
2 0.823016 0.408203 0.117460 0.134766
1 0.830159 0.384766 0.014286 0.025391
