0 0.042857 0.442383 0.036508 0.054688
0 0.064286 0.933594 0.050794 0.068359
1 0.078571 0.609375 0.025397 0.025391
1 0.082540 0.766602 0.014286 0.035156
1 0.250794 0.269531 0.080952 0.158203
2 0.354762 0.214844 0.126984 0.162109
0 0.422222 0.484375 0.033333 0.044922
0 0.453968 0.537109 0.020635 0.056641
0 0.513492 0.848633 0.031746 0.031250
1 0.558730 0.115234 0.017460 0.013672
2 0.654762 0.549805 0.130159 0.160156
0 0.696032 0.585938 0.031746 0.060547
2 0.760317 0.732422 0.153968 0.181641
2 0.723810 0.544922 0.023810 0.025391
1 0.813889 0.385742 0.046825 0.058594
0 0.938889 0.600586 0.101587 0.085938
0 0.943651 0.675781 0.012698 0.029297
