1 0.239683 0.773438 0.252381 0.181641
0 0.200794 0.196289 0.066667 0.085938
2 0.440476 0.815430 0.066667 0.066406
0 0.475397 0.259766 0.126984 0.126953
0 0.500794 0.898438 0.028571 0.048828
0 0.521429 0.473633 0.038095 0.054688
0 0.658730 0.154785 0.055556 0.024414
2 0.683333 0.348633 0.050794 0.046875
1 0.669444 0.587891 0.015079 0.013672
2 0.721429 0.159180 0.077778 0.160156
1 0.723810 0.429688 0.011111 0.068359
2 0.819048 0.106445 0.058730 0.035156
0 0.811905 0.724609 0.031746 0.037109
0 0.937302 0.395508 0.015873 0.031250
2 0.949206 0.062500 0.036508 0.037109
