0 0.115079 0.147461 0.025397 0.101562
2 0.155556 0.374023 0.084127 0.402344
1 0.170635 0.019531 0.028571 0.017578
2 0.221032 0.637695 0.046825 0.128906
0 0.238095 0.557617 0.065079 0.039062
0 0.233333 0.086914 0.046032 0.066406
2 0.490476 0.674805 0.093651 0.191406
2 0.503968 0.200195 0.095238 0.062500
2 0.625397 0.338867 0.268254 0.144531
2 0.534921 0.030273 0.055556 0.042969
2 0.597619 0.464844 0.180952 0.162109
2 0.576984 0.730469 0.088889 0.056641
2 0.653968 0.031250 0.020635 0.044922
2 0.689286 0.722656 0.089683 0.138672
2 0.915476 0.937500 0.045238 0.048828
