1 0.042969 0.951852 0.018229 0.005556
0 0.081250 0.337963 0.015625 0.014815
1 0.078125 0.650926 0.009375 0.014815
1 0.241927 0.145370 0.016146 0.022222
0 0.273438 0.862037 0.010417 0.037037
0 0.364583 0.085185 0.038542 0.027778
0 0.395833 0.129630 0.011458 0.005556
1 0.588542 0.124074 0.007292 0.005556
0 0.645312 0.131481 0.014583 0.090741
0 0.677083 0.030556 0.034375 0.029630
2 0.677344 0.786111 0.021354 0.029630
0 0.763802 0.531481 0.009896 0.005556
1 0.786719 0.491667 0.009896 0.007407
1 0.830469 0.882407 0.016146 0.022222
1 0.897396 0.358796 0.008333 0.013889
