2 0.159524 0.186523 0.203175 0.214844
2 0.167857 0.803711 0.088095 0.113281
0 0.165476 0.156250 0.046825 0.037109
2 0.373810 0.395508 0.126984 0.179688
2 0.360714 0.473633 0.035714 0.031250
2 0.400000 0.567383 0.065079 0.027344
2 0.592063 0.499023 0.392063 0.320312
2 0.497619 0.793945 0.155556 0.183594
2 0.518254 0.075195 0.107937 0.062500
2 0.574603 0.813477 0.138095 0.175781
0 0.523016 0.520508 0.022222 0.019531
0 0.557937 0.480469 0.038095 0.037109
1 0.639683 0.712891 0.011111 0.052734
2 0.687302 0.548828 0.090476 0.146484
2 0.783333 0.414062 0.149206 0.193359
1 0.930952 0.317383 0.057143 0.019531
