2 0.515104 0.667593 0.662500 0.400000
2 0.474479 0.452778 0.512500 0.307407
0 0.332031 0.100000 0.020313 0.009259
2 0.497917 0.847222 0.221875 0.192593
2 0.479687 0.812963 0.022917 0.068519
2 0.552083 0.439815 0.067708 0.103704
2 0.663281 0.174074 0.035937 0.064815
2 0.705208 0.409259 0.071875 0.064815
2 0.800521 0.318519 0.158333 0.209259
2 0.757812 0.089815 0.068750 0.137037
2 0.803385 0.692593 0.016146 0.042593
0 0.838021 0.562963 0.033333 0.031481
1 0.862240 0.229167 0.006771 0.010185
0 0.904167 0.516667 0.023958 0.012963
