0 0.069048 0.743164 0.022222 0.035156
0 0.141270 0.558594 0.071429 0.154297
1 0.234127 0.774414 0.034921 0.023438
0 0.290476 0.810547 0.020635 0.052734
2 0.443651 0.211914 0.152381 0.074219
1 0.380952 0.337891 0.023810 0.005859
0 0.506349 0.481445 0.026984 0.035156
2 0.512698 0.722656 0.036508 0.095703
2 0.607937 0.180664 0.065079 0.082031
1 0.601587 0.050781 0.030159 0.056641
1 0.652381 0.909180 0.014286 0.023438
2 0.745238 0.655273 0.155556 0.316406
0 0.840873 0.941406 0.045238 0.033203
0 0.879365 0.413086 0.068254 0.070312
1 0.897619 0.082031 0.019048 0.017578
0 0.945238 0.281250 0.028571 0.037109
1 0.942063 0.068359 0.015873 0.025391
0 0.961111 0.684570 0.028571 0.035156
