1 0.049206 0.778809 0.030159 0.030273
2 0.161905 0.666992 0.214286 0.132812
2 0.200000 0.528320 0.080952 0.121094
1 0.256349 0.065430 0.015873 0.015625
2 0.430159 0.744141 0.255556 0.111328
1 0.326190 0.011719 0.009524 0.013672
0 0.357540 0.532227 0.065873 0.042969
1 0.359524 0.835938 0.044444 0.021484
2 0.515873 0.542969 0.179365 0.166016
1 0.505556 0.026367 0.069841 0.015625
1 0.538889 0.644531 0.041270 0.029297
2 0.588095 0.920898 0.069841 0.125000
2 0.704762 0.637695 0.287302 0.289062
2 0.657937 0.782227 0.149206 0.175781
0 0.634127 0.881836 0.028571 0.039062
1 0.907937 0.083984 0.065079 0.013672
