0 0.107292 0.282407 0.034375 0.029630
0 0.101042 0.247222 0.011458 0.011111
2 0.565625 0.381481 0.776042 0.468519
0 0.194271 0.832407 0.022917 0.007407
0 0.210417 0.253704 0.038542 0.020370
1 0.452865 0.744444 0.019271 0.005556
0 0.498958 0.233333 0.009375 0.009259
2 0.649479 0.678704 0.127083 0.066667
0 0.730729 0.987037 0.020833 0.009259
0 0.749479 0.641667 0.041667 0.007407
2 0.786458 0.433333 0.084375 0.083333
2 0.780208 0.659259 0.032292 0.120370
1 0.826042 0.239815 0.007292 0.011111
0 0.981771 0.150926 0.020833 0.059259
