0 0.039683 0.109375 0.055556 0.052734
2 0.028571 0.245117 0.033333 0.085938
2 0.233333 0.572266 0.182540 0.380859
2 0.230952 0.918945 0.152381 0.070312
0 0.177778 0.803711 0.023810 0.027344
2 0.392063 0.368164 0.065079 0.097656
2 0.600000 0.295898 0.125397 0.058594
0 0.612698 0.689453 0.080952 0.037109
1 0.605556 0.580078 0.012698 0.017578
0 0.634921 0.825195 0.052381 0.097656
2 0.730159 0.563477 0.096825 0.074219
2 0.789683 0.472656 0.158730 0.154297
1 0.737302 0.198242 0.025397 0.027344
2 0.877778 0.383789 0.090476 0.058594
1 0.906349 0.188477 0.014286 0.039062
1 0.927778 0.419922 0.019048 0.037109
0 0.935317 0.821289 0.030952 0.050781
2 0.978571 0.622070 0.012698 0.042969
