1 0.201984 0.105469 0.038889 0.064453
0 0.207937 0.752930 0.039683 0.046875
2 0.539683 0.403320 0.350794 0.320312
2 0.503175 0.357422 0.198413 0.224609
0 0.570238 0.046875 0.008730 0.017578
0 0.601587 0.594727 0.049206 0.074219
0 0.604762 0.323242 0.052381 0.054688
2 0.654365 0.083984 0.088095 0.060547
2 0.657143 0.708984 0.033333 0.064453
1 0.757540 0.936523 0.013492 0.015625
0 0.837302 0.654297 0.066667 0.052734
0 0.831746 0.095703 0.049206 0.095703
0 0.873810 0.127930 0.088889 0.031250
1 0.847222 0.563477 0.007143 0.019531
1 0.854762 0.765625 0.015873 0.017578
1 0.916667 0.151367 0.012698 0.050781
1 0.938095 0.900391 0.011111 0.009766
