0 0.070635 0.437500 0.063492 0.041016
2 0.158730 0.604492 0.192063 0.062500
2 0.150794 0.450195 0.030159 0.042969
2 0.232540 0.464844 0.066667 0.193359
2 0.241270 0.901367 0.036508 0.128906
1 0.251984 0.170898 0.013492 0.042969
0 0.350000 0.656250 0.034921 0.029297
0 0.490476 0.777344 0.122222 0.185547
0 0.524603 0.077637 0.063492 0.049805
0 0.645238 0.635742 0.107937 0.171875
2 0.650000 0.368164 0.034921 0.066406
0 0.721429 0.849609 0.019048 0.025391
2 0.757143 0.934570 0.087302 0.097656
0 0.796429 0.299805 0.032540 0.039062
1 0.919841 0.899414 0.009524 0.011719
1 0.951587 0.282227 0.015873 0.070312
