1 0.153646 0.870370 0.014583 0.009259
1 0.240104 0.800000 0.016667 0.005556
2 0.305469 0.656481 0.061979 0.033333
0 0.308854 0.030556 0.029167 0.059259
0 0.385417 0.800926 0.015625 0.092593
2 0.578646 0.595370 0.214583 0.359259
0 0.506250 0.112963 0.013542 0.083333
0 0.539062 0.538889 0.035417 0.016667
2 0.688021 0.299074 0.187500 0.185185
2 0.668229 0.269444 0.031250 0.081481
1 0.690885 0.328704 0.011979 0.007407
2 0.802604 0.516667 0.081250 0.061111
0 0.866927 0.637963 0.043229 0.048148
0 0.925000 0.850000 0.036458 0.024074
0 0.921875 0.369444 0.017708 0.044444
