1 0.110714 0.504883 0.019841 0.031250
0 0.178175 0.870117 0.075397 0.046875
2 0.342857 0.567383 0.296825 0.144531
2 0.289683 0.339844 0.047619 0.041016
0 0.432540 0.119141 0.060317 0.072266
2 0.488889 0.250977 0.065079 0.367188
0 0.461905 0.235352 0.011111 0.019531
0 0.583730 0.460938 0.007143 0.044922
2 0.761905 0.430664 0.255556 0.207031
2 0.699206 0.648438 0.034921 0.083984
1 0.724603 0.280273 0.012698 0.027344
2 0.813492 0.144531 0.057143 0.091797
0 0.907937 0.822266 0.103175 0.056641
0 0.922222 0.678711 0.033333 0.054688
1 0.918254 0.351562 0.012698 0.021484
