2 0.107292 0.441667 0.057292 0.085185
0 0.232813 0.535185 0.041667 0.012963
1 0.262500 0.259259 0.009375 0.012963
0 0.328125 0.463889 0.011458 0.040741
1 0.334896 0.214815 0.008333 0.009259
2 0.360417 0.834259 0.032292 0.040741
1 0.361198 0.269444 0.010937 0.007407
2 0.459375 0.788889 0.032292 0.042593
1 0.543750 0.017593 0.011458 0.011111
0 0.569271 0.868519 0.060417 0.009259
2 0.703646 0.259259 0.262500 0.438889
0 0.725521 0.662037 0.020833 0.018519
2 0.768229 0.223148 0.081250 0.281481
1 0.784896 0.914815 0.014583 0.009259
2 0.859115 0.287037 0.046354 0.042593
1 0.872917 0.870370 0.011458 0.031481
0 0.936458 0.527778 0.034375 0.038889
