2 0.183333 0.734259 0.336458 0.325926
0 0.127865 0.364815 0.020313 0.009259
0 0.135417 0.328704 0.019792 0.040741
1 0.155208 0.568519 0.032292 0.009259
2 0.201042 0.124074 0.073958 0.075926
2 0.186979 0.496296 0.033333 0.046296
0 0.213542 0.568519 0.011458 0.042593
1 0.238021 0.034259 0.020833 0.007407
0 0.420833 0.071296 0.038542 0.025926
0 0.543750 0.845370 0.019792 0.055556
2 0.615104 0.818519 0.100000 0.083333
2 0.744010 0.543519 0.020313 0.037037
2 0.783854 0.678704 0.085417 0.062963
2 0.775000 0.524074 0.051042 0.057407
