2 0.516146 0.498148 0.935417 0.568519
0 0.065625 0.755093 0.009375 0.013889
0 0.129688 0.806481 0.045833 0.033333
0 0.132812 0.397222 0.029167 0.018519
2 0.159375 0.632407 0.034375 0.129630
2 0.300521 0.539815 0.185417 0.181481
0 0.297396 0.092593 0.008333 0.012963
2 0.329167 0.599074 0.028125 0.077778
2 0.369792 0.093519 0.073958 0.077778
2 0.436979 0.749074 0.204167 0.240741
2 0.382031 0.279630 0.065104 0.035185
1 0.432031 0.170370 0.006771 0.012963
2 0.589583 0.656481 0.028125 0.077778
0 0.675521 0.902778 0.010417 0.029630
