2 0.059524 0.441406 0.028571 0.060547
2 0.117460 0.199219 0.128571 0.228516
0 0.094444 0.419922 0.022222 0.060547
2 0.119841 0.255859 0.015873 0.025391
2 0.155556 0.087891 0.061905 0.064453
2 0.219048 0.123047 0.014286 0.037109
1 0.392063 0.705078 0.017460 0.033203
2 0.503175 0.583984 0.201587 0.076172
2 0.557937 0.208008 0.298413 0.242188
1 0.438492 0.194336 0.010317 0.019531
0 0.566667 0.458984 0.023810 0.080078
0 0.643651 0.102539 0.047619 0.019531
2 0.710317 0.469727 0.142857 0.406250
2 0.674603 0.740234 0.049206 0.021484
2 0.907937 0.195312 0.058730 0.056641
