2 0.069792 0.232407 0.071875 0.144444
0 0.194792 0.232407 0.023958 0.011111
2 0.321875 0.133333 0.155208 0.046296
0 0.342708 0.482407 0.019792 0.007407
0 0.445573 0.587963 0.025521 0.007407
0 0.447917 0.066667 0.017708 0.042593
2 0.598958 0.637963 0.044792 0.088889
1 0.585417 0.391667 0.009375 0.014815
0 0.737500 0.899074 0.007292 0.025926
0 0.819271 0.635185 0.010417 0.031481
0 0.838542 0.087963 0.013542 0.033333
2 0.869792 0.872222 0.073958 0.083333
2 0.902604 0.540741 0.068750 0.235185
1 0.895312 0.122222 0.008333 0.009259
