2 0.036979 0.472222 0.020833 0.050000
0 0.063021 0.792593 0.012500 0.061111
0 0.082552 0.302778 0.007812 0.055556
0 0.175521 0.068519 0.031250 0.016667
2 0.260937 0.257407 0.022917 0.050000
0 0.445833 0.762963 0.023958 0.009259
2 0.489323 0.370370 0.041146 0.087037
2 0.594010 0.462963 0.032813 0.057407
1 0.596354 0.436111 0.006250 0.011111
2 0.627865 0.743056 0.024479 0.052778
2 0.782292 0.698148 0.073958 0.075926
1 0.823177 0.901389 0.005729 0.010185
0 0.856250 0.073611 0.034375 0.013889
1 0.885156 0.101852 0.006771 0.012963
