0 0.143651 0.851562 0.111111 0.119141
0 0.194444 0.222656 0.025397 0.009766
2 0.195635 0.222656 0.046825 0.099609
0 0.188095 0.070312 0.012698 0.041016
0 0.288095 0.836914 0.015873 0.015625
1 0.288889 0.358398 0.011111 0.015625
1 0.357937 0.916992 0.019048 0.019531
0 0.437302 0.067383 0.019048 0.054688
2 0.559524 0.708008 0.126984 0.164062
1 0.616667 0.054688 0.022222 0.037109
1 0.684921 0.871094 0.069841 0.048828
2 0.726984 0.852539 0.096825 0.074219
1 0.715476 0.432617 0.016667 0.019531
0 0.763095 0.552246 0.061111 0.049805
2 0.797619 0.616211 0.031746 0.125000
2 0.882540 0.718750 0.039683 0.142578
0 0.907143 0.956055 0.047619 0.054688
2 0.935714 0.513672 0.085714 0.169922
