2 0.022222 0.505859 0.036508 0.095703
0 0.084921 0.232422 0.022222 0.041016
1 0.127778 0.545898 0.019048 0.019531
0 0.141270 0.858398 0.023810 0.054688
2 0.154365 0.271484 0.046825 0.025391
1 0.145635 0.657227 0.023016 0.050781
1 0.264683 0.625977 0.132540 0.175781
2 0.318254 0.137695 0.180952 0.105469
2 0.461905 0.666016 0.128571 0.166016
0 0.414286 0.478516 0.030159 0.048828
1 0.461905 0.965820 0.014286 0.019531
0 0.526190 0.193359 0.088889 0.037109
0 0.572222 0.117188 0.022222 0.146484
2 0.782540 0.370117 0.249206 0.171875
1 0.695238 0.976562 0.011111 0.009766
0 0.756349 0.310547 0.098413 0.115234
