2 0.109524 0.193359 0.157143 0.134766
1 0.070635 0.261719 0.015873 0.017578
0 0.130952 0.097656 0.028571 0.138672
1 0.140476 0.615234 0.025397 0.013672
2 0.349206 0.916992 0.112698 0.132812
1 0.344444 0.624023 0.023810 0.023438
2 0.434127 0.559570 0.193651 0.101562
2 0.375397 0.748047 0.057143 0.158203
2 0.400000 0.372070 0.093651 0.066406
0 0.416667 0.232422 0.060317 0.048828
2 0.510317 0.315430 0.171429 0.167969
2 0.668254 0.638672 0.176190 0.130859
2 0.623810 0.875977 0.077778 0.121094
1 0.611508 0.331055 0.011905 0.015625
2 0.730952 0.138672 0.066667 0.060547
2 0.755556 0.602539 0.052381 0.109375
1 0.892063 0.676758 0.011111 0.011719
