2 0.057937 0.584961 0.082540 0.109375
0 0.075397 0.409180 0.041270 0.070312
1 0.080556 0.878906 0.019841 0.009766
2 0.352778 0.409180 0.170635 0.167969
2 0.319841 0.171875 0.047619 0.072266
0 0.382540 0.829102 0.046032 0.039062
1 0.525397 0.055664 0.017460 0.015625
0 0.545238 0.707031 0.012698 0.017578
0 0.582540 0.876953 0.033333 0.017578
2 0.653968 0.248047 0.131746 0.087891
0 0.634127 0.662109 0.053968 0.111328
0 0.698413 0.691406 0.049206 0.123047
2 0.776984 0.530273 0.174603 0.253906
2 0.774603 0.185547 0.033333 0.052734
1 0.803968 0.166992 0.025397 0.031250
0 0.860317 0.538574 0.033333 0.022461
