0 0.067460 0.725586 0.085714 0.054688
2 0.111905 0.283203 0.111111 0.224609
2 0.111111 0.899414 0.042857 0.035156
1 0.128571 0.043945 0.014286 0.015625
2 0.662698 0.712891 0.136508 0.158203
0 0.610317 0.771484 0.028571 0.025391
2 0.718254 0.813477 0.120635 0.304688
1 0.686508 0.693359 0.022222 0.013672
0 0.726984 0.215820 0.049206 0.027344
0 0.718254 0.240234 0.031746 0.052734
1 0.768254 0.817383 0.014286 0.015625
2 0.796429 0.166992 0.065873 0.132812
2 0.839683 0.354492 0.087302 0.355469
0 0.867063 0.620117 0.008730 0.019531
