0 0.204762 0.740234 0.061905 0.072266
0 0.226984 0.395508 0.042857 0.050781
0 0.239286 0.848633 0.011905 0.035156
2 0.364286 0.381836 0.165079 0.234375
0 0.385714 0.908691 0.049206 0.016602
2 0.403175 0.374023 0.042857 0.054688
2 0.494444 0.229492 0.165079 0.140625
2 0.446825 0.408203 0.050794 0.033203
0 0.665873 0.076172 0.057143 0.060547
2 0.756349 0.572266 0.079365 0.158203
0 0.780159 0.855469 0.034921 0.048828
2 0.859524 0.601562 0.095238 0.048828
0 0.849206 0.879883 0.046032 0.042969
0 0.873810 0.939453 0.060317 0.048828
1 0.942857 0.663086 0.011111 0.007812
