1 0.190625 0.182407 0.009375 0.014815
2 0.282813 0.774074 0.083333 0.287037
0 0.276562 0.681481 0.012500 0.079630
2 0.296354 0.351852 0.022917 0.057407
0 0.363021 0.278704 0.035417 0.007407
0 0.490625 0.058333 0.028125 0.029630
2 0.608854 0.450000 0.075000 0.075926
2 0.703646 0.769444 0.037500 0.074074
2 0.739062 0.818519 0.054167 0.057407
2 0.744792 0.348148 0.055208 0.190741
2 0.776563 0.352778 0.075000 0.044444
1 0.792969 0.497222 0.005729 0.018519
2 0.842708 0.494444 0.044792 0.050000
0 0.965625 0.114815 0.038542 0.012963
0 0.968750 0.545370 0.034375 0.014815
