1 0.243254 0.708984 0.008730 0.068359
0 0.269841 0.801758 0.033333 0.050781
1 0.322222 0.846680 0.028571 0.058594
1 0.352381 0.560547 0.017460 0.021484
1 0.465873 0.697266 0.142857 0.103516
2 0.484921 0.947266 0.050794 0.044922
1 0.475397 0.087891 0.015873 0.013672
2 0.523016 0.592773 0.088889 0.265625
0 0.529365 0.129883 0.047619 0.058594
0 0.652381 0.713867 0.049206 0.062500
0 0.666270 0.688965 0.013492 0.006836
0 0.803175 0.673828 0.030159 0.033203
0 0.811111 0.310547 0.030159 0.107422
2 0.928968 0.113281 0.048413 0.033203
