1 0.058730 0.951172 0.014286 0.013672
2 0.204762 0.650391 0.173016 0.419922
1 0.262698 0.048828 0.012698 0.009766
1 0.296032 0.618164 0.028571 0.015625
2 0.350794 0.422852 0.061905 0.058594
0 0.361111 0.080078 0.057143 0.060547
2 0.362698 0.669922 0.060317 0.068359
0 0.473810 0.443359 0.019048 0.033203
0 0.487302 0.278320 0.014286 0.078125
2 0.516667 0.859375 0.057143 0.119141
2 0.617460 0.565430 0.214286 0.093750
2 0.552381 0.657227 0.052381 0.156250
0 0.587302 0.109375 0.036508 0.037109
1 0.764286 0.213867 0.025397 0.015625
1 0.861111 0.851074 0.019048 0.014648
0 0.864286 0.187500 0.015873 0.041016
0 0.922619 0.457031 0.027778 0.029297
