0 0.031746 0.141602 0.014286 0.023438
2 0.100794 0.856445 0.149206 0.195312
0 0.152778 0.712891 0.010317 0.060547
2 0.185714 0.930664 0.046032 0.054688
0 0.244444 0.642578 0.052381 0.103516
2 0.266667 0.321289 0.039683 0.031250
2 0.328571 0.612305 0.065079 0.140625
2 0.388095 0.382812 0.069841 0.076172
2 0.650794 0.303711 0.487302 0.281250
2 0.508730 0.352539 0.146032 0.132812
1 0.472222 0.176758 0.012698 0.019531
2 0.484921 0.817383 0.050794 0.062500
0 0.473016 0.914062 0.020635 0.025391
2 0.681746 0.633789 0.380952 0.152344
2 0.615873 0.819336 0.074603 0.121094
1 0.666270 0.929688 0.015079 0.037109
2 0.852381 0.349609 0.030159 0.029297
0 0.950000 0.912109 0.050794 0.025391
1 0.955556 0.651367 0.011111 0.015625
