0 0.026562 0.450926 0.010417 0.029630
0 0.081771 0.964815 0.027083 0.053704
2 0.423438 0.796296 0.497917 0.298148
2 0.277083 0.832407 0.123958 0.155556
0 0.231250 0.133333 0.013542 0.038889
2 0.292187 0.600000 0.058333 0.061111
2 0.631771 0.351852 0.212500 0.357407
0 0.544792 0.830556 0.038542 0.025926
2 0.563021 0.787963 0.047917 0.051852
0 0.570833 0.237037 0.009375 0.027778
0 0.618750 0.562500 0.026042 0.006481
0 0.650000 0.806481 0.036458 0.014815
1 0.641927 0.953704 0.009896 0.005556
1 0.644271 0.749074 0.004167 0.018519
2 0.696354 0.425000 0.102083 0.085185
0 0.682813 0.842593 0.008333 0.042593
2 0.873958 0.645370 0.069792 0.077778
