0 0.035937 0.612963 0.054167 0.009259
0 0.091406 0.696296 0.021354 0.020370
1 0.113542 0.013889 0.005208 0.011111
2 0.343750 0.387037 0.317708 0.309259
0 0.228125 0.850926 0.011458 0.040741
0 0.303125 0.593519 0.009375 0.029630
0 0.346354 0.658333 0.020833 0.018519
2 0.426563 0.550000 0.141667 0.138889
0 0.484896 0.249074 0.033333 0.029630
2 0.606771 0.622222 0.156250 0.083333
0 0.659115 0.067593 0.030729 0.040741
1 0.666667 0.309259 0.013542 0.005556
0 0.772396 0.365741 0.018750 0.055556
2 0.827083 0.727778 0.080208 0.068519
0 0.836979 0.521296 0.050000 0.033333
0 0.855729 0.251852 0.029167 0.057407
2 0.910937 0.360185 0.025000 0.059259
