2 0.205556 0.280273 0.352381 0.121094
2 0.067857 0.795898 0.051587 0.058594
2 0.142857 0.555664 0.109524 0.386719
0 0.184127 0.115234 0.017460 0.013672
2 0.374603 0.532227 0.373016 0.687500
0 0.354762 0.607422 0.034921 0.076172
1 0.357937 0.531250 0.019048 0.029297
0 0.362698 0.208008 0.025397 0.082031
1 0.380159 0.208984 0.009524 0.009766
0 0.434921 0.832031 0.049206 0.146484
0 0.458730 0.092773 0.042857 0.062500
2 0.650794 0.369141 0.398413 0.525391
0 0.642857 0.472656 0.061905 0.044922
2 0.890476 0.479980 0.128571 0.049805
