2 0.066667 0.274074 0.096875 0.050000
2 0.080990 0.696296 0.051562 0.138889
1 0.067448 0.732407 0.010937 0.014815
0 0.102083 0.679630 0.026042 0.050000
2 0.227865 0.572222 0.061979 0.168519
0 0.239583 0.375926 0.019792 0.046296
2 0.292187 0.376852 0.077083 0.266667
0 0.301042 0.727778 0.023958 0.050000
1 0.319792 0.327778 0.007292 0.005556
0 0.339062 0.424074 0.010417 0.031481
0 0.403125 0.377778 0.032292 0.027778
0 0.441667 0.869444 0.028125 0.018519
0 0.511458 0.693519 0.044792 0.029630
0 0.548438 0.460185 0.041667 0.011111
0 0.552865 0.308333 0.016146 0.092593
2 0.575000 0.951852 0.061458 0.031481
2 0.734375 0.877778 0.076042 0.057407
0 0.744792 0.131481 0.042708 0.027778
0 0.816406 0.890741 0.020313 0.009259
