1 0.055159 0.678711 0.010317 0.007812
0 0.089286 0.137695 0.048413 0.093750
0 0.159524 0.099609 0.050794 0.072266
0 0.153175 0.189453 0.028571 0.083984
2 0.217460 0.902344 0.138095 0.080078
1 0.173810 0.258789 0.034921 0.066406
0 0.236508 0.072266 0.026984 0.037109
1 0.367460 0.981445 0.009524 0.011719
0 0.405556 0.743164 0.041270 0.042969
2 0.422222 0.660156 0.046032 0.076172
1 0.433333 0.772461 0.014286 0.011719
2 0.542063 0.698242 0.060317 0.042969
2 0.536508 0.161133 0.033333 0.046875
2 0.680952 0.657227 0.103175 0.148438
2 0.807143 0.691406 0.047619 0.080078
0 0.917460 0.240234 0.030159 0.060547
1 0.957143 0.532227 0.052381 0.023438
0 0.973810 0.470703 0.038095 0.056641
