0 0.101587 0.331055 0.074603 0.050781
1 0.100794 0.883789 0.025397 0.019531
2 0.170635 0.855469 0.136508 0.068359
2 0.197619 0.349609 0.085714 0.052734
1 0.310317 0.291016 0.009524 0.009766
2 0.361508 0.611328 0.097619 0.119141
0 0.403175 0.894531 0.100000 0.037109
1 0.592857 0.629883 0.152381 0.175781
0 0.474603 0.436523 0.030159 0.058594
2 0.625397 0.729492 0.036508 0.066406
1 0.619841 0.764648 0.015873 0.007812
0 0.650794 0.383789 0.023810 0.019531
1 0.701587 0.839844 0.014286 0.033203
0 0.875397 0.358398 0.038095 0.031250
1 0.926984 0.421875 0.011111 0.013672
0 0.952381 0.148438 0.026984 0.056641
