2 0.120635 0.656250 0.087302 0.064453
2 0.168254 0.582031 0.071429 0.068359
0 0.246032 0.266602 0.039683 0.070312
2 0.364286 0.556641 0.257143 0.095703
2 0.464286 0.339844 0.117460 0.240234
2 0.468254 0.105469 0.084127 0.072266
0 0.550000 0.173340 0.101587 0.170898
1 0.604762 0.639648 0.007937 0.011719
2 0.696825 0.474609 0.188889 0.529297
0 0.656349 0.553711 0.025397 0.062500
0 0.692460 0.481445 0.029365 0.042969
0 0.729365 0.828125 0.012698 0.060547
2 0.817460 0.517578 0.106349 0.064453
2 0.833333 0.708008 0.049206 0.082031
1 0.823016 0.468750 0.022222 0.033203
