1 0.091667 0.309570 0.054762 0.078125
1 0.091667 0.014648 0.013492 0.011719
1 0.151587 0.350586 0.012698 0.042969
1 0.162698 0.249023 0.031746 0.039062
1 0.218254 0.682617 0.076190 0.117188
0 0.210317 0.364258 0.022222 0.066406
2 0.330952 0.791016 0.219048 0.134766
2 0.355556 0.692383 0.128571 0.167969
2 0.419841 0.628906 0.107937 0.068359
0 0.423016 0.903320 0.022222 0.039062
0 0.440476 0.398438 0.047619 0.130859
1 0.522222 0.674805 0.007937 0.011719
2 0.562698 0.189453 0.082540 0.052734
0 0.617460 0.177734 0.068254 0.056641
0 0.757937 0.334961 0.044444 0.117188
2 0.809524 0.244141 0.065079 0.076172
0 0.898413 0.065430 0.036508 0.085938
