0 0.073016 0.192383 0.122222 0.066406
1 0.065079 0.538086 0.026984 0.027344
2 0.126190 0.256836 0.031746 0.039062
2 0.168254 0.208984 0.093651 0.064453
0 0.166667 0.376953 0.042857 0.052734
0 0.189683 0.301758 0.063492 0.085938
0 0.239683 0.633789 0.030159 0.082031
0 0.357937 0.077148 0.041270 0.078125
0 0.445635 0.366211 0.018254 0.027344
0 0.577778 0.596680 0.033333 0.031250
2 0.627778 0.648438 0.041270 0.138672
1 0.653175 0.681641 0.012698 0.013672
1 0.715873 0.873047 0.007937 0.025391
2 0.881746 0.683594 0.161905 0.115234
2 0.911111 0.178711 0.106349 0.218750
0 0.908730 0.801758 0.095238 0.066406
