2 0.058333 0.560185 0.059375 0.155556
0 0.048958 0.568519 0.011458 0.038889
0 0.152083 0.071296 0.017708 0.051852
0 0.254688 0.657407 0.031250 0.009259
2 0.382812 0.513889 0.091667 0.025926
0 0.388542 0.140741 0.013542 0.012963
0 0.528125 0.454630 0.036458 0.014815
2 0.710938 0.489815 0.354167 0.344444
2 0.669010 0.910185 0.028646 0.085185
2 0.755208 0.363889 0.059375 0.085185
0 0.833854 0.160185 0.027083 0.014815
0 0.910417 0.786111 0.030208 0.011111
1 0.910937 0.719444 0.004167 0.018519
0 0.958333 0.858333 0.015625 0.014815
