0 0.054167 0.248148 0.046875 0.020370
2 0.146094 0.704630 0.079687 0.040741
0 0.203646 0.446296 0.029167 0.005556
1 0.266667 0.616667 0.005208 0.016667
2 0.447917 0.525000 0.365625 0.355556
2 0.348698 0.126852 0.030729 0.066667
2 0.488542 0.489815 0.178125 0.174074
2 0.429167 0.622222 0.034375 0.046296
2 0.572917 0.849074 0.046875 0.125926
0 0.576042 0.403704 0.009375 0.057407
2 0.731250 0.840741 0.032292 0.068519
0 0.790625 0.606481 0.023958 0.011111
0 0.816667 0.800000 0.026042 0.012963
2 0.894271 0.496296 0.020833 0.046296
0 0.916146 0.990741 0.016667 0.009259
