0 0.076042 0.714815 0.042708 0.027778
1 0.132292 0.757407 0.013542 0.020370
2 0.165625 0.072222 0.021875 0.064815
0 0.178125 0.648148 0.034375 0.016667
2 0.234635 0.966667 0.028646 0.050000
0 0.280469 0.356481 0.028646 0.007407
0 0.306250 0.275926 0.030208 0.020370
0 0.320312 0.873148 0.029167 0.007407
2 0.385417 0.790741 0.040625 0.042593
0 0.469792 0.197222 0.011458 0.040741
1 0.479687 0.571296 0.012500 0.011111
0 0.838542 0.443519 0.032292 0.022222
1 0.832812 0.032407 0.012500 0.033333
1 0.948698 0.060185 0.008854 0.007407
