0 0.073016 0.783203 0.042857 0.029297
1 0.101587 0.384766 0.011111 0.009766
2 0.295238 0.511719 0.268254 0.248047
0 0.231746 0.911133 0.033333 0.019531
0 0.265079 0.704102 0.061905 0.089844
1 0.268254 0.837891 0.046032 0.130859
2 0.397619 0.848633 0.292063 0.218750
0 0.322222 0.860352 0.103175 0.062500
2 0.402381 0.382812 0.047619 0.115234
1 0.403175 0.506836 0.011111 0.015625
0 0.503968 0.753906 0.028571 0.091797
0 0.563889 0.910156 0.021429 0.021484
1 0.646032 0.395508 0.058730 0.128906
2 0.786508 0.214844 0.203175 0.169922
0 0.711508 0.476562 0.046825 0.056641
2 0.773810 0.104492 0.098413 0.136719
2 0.786508 0.760742 0.044444 0.109375
