2 0.215079 0.875000 0.130159 0.091797
2 0.206349 0.912109 0.077778 0.041016
1 0.347619 0.248047 0.039683 0.052734
2 0.411905 0.514648 0.092063 0.183594
2 0.434127 0.189453 0.092063 0.033203
2 0.524603 0.755859 0.050794 0.162109
1 0.533333 0.430664 0.007937 0.015625
1 0.601190 0.154297 0.010317 0.009766
0 0.642063 0.358398 0.023810 0.078125
0 0.680952 0.891602 0.030159 0.039062
0 0.834127 0.741211 0.107937 0.156250
0 0.811905 0.328125 0.028571 0.052734
2 0.823016 0.925781 0.041270 0.130859
0 0.906746 0.635742 0.088095 0.074219
1 0.980159 0.423828 0.022222 0.021484
