1 0.084896 0.192593 0.016667 0.005556
2 0.221875 0.525926 0.111458 0.164815
0 0.193750 0.471296 0.015625 0.014815
2 0.245573 0.804630 0.024479 0.033333
2 0.383073 0.412037 0.021354 0.037037
0 0.397135 0.153704 0.036979 0.042593
2 0.425000 0.082407 0.069792 0.062963
1 0.440104 0.040278 0.008333 0.013889
0 0.517969 0.448148 0.011979 0.005556
1 0.524479 0.625463 0.008333 0.013889
0 0.685677 0.387963 0.013021 0.077778
1 0.853646 0.025926 0.008333 0.009259
2 0.925521 0.556481 0.050000 0.044444
2 0.961198 0.454630 0.029687 0.051852
