0 0.180469 0.801852 0.015104 0.087037
2 0.439583 0.214815 0.509375 0.305556
2 0.347917 0.080556 0.053125 0.048148
1 0.331250 0.891667 0.009375 0.007407
2 0.371875 0.261574 0.032292 0.030556
0 0.460677 0.459259 0.036979 0.042593
0 0.510938 0.368519 0.018750 0.046296
0 0.527083 0.757407 0.032292 0.009259
0 0.608073 0.423148 0.004687 0.022222
2 0.690625 0.469444 0.057292 0.048148
0 0.720313 0.393056 0.031250 0.034259
2 0.745052 0.321296 0.028646 0.085185
0 0.806771 0.635185 0.016667 0.046296
0 0.929688 0.492593 0.020833 0.009259
