1 0.154762 0.504883 0.012698 0.015625
2 0.230952 0.497070 0.133333 0.207031
2 0.313492 0.618164 0.041270 0.062500
0 0.388095 0.914551 0.079365 0.032227
1 0.363492 0.880859 0.011111 0.013672
2 0.507937 0.739258 0.198413 0.101562
2 0.500000 0.560547 0.109524 0.162109
0 0.564286 0.179688 0.022222 0.052734
2 0.750000 0.410156 0.111111 0.056641
0 0.753175 0.271484 0.031746 0.041016
2 0.811905 0.670898 0.063492 0.187500
2 0.857143 0.238281 0.122222 0.197266
1 0.888889 0.528320 0.026984 0.027344
0 0.936508 0.483398 0.023810 0.160156
