0 0.031771 0.309259 0.029167 0.005556
0 0.077604 0.038889 0.045833 0.031481
2 0.122396 0.156481 0.066667 0.229630
2 0.335417 0.914815 0.046875 0.046296
1 0.350521 0.765741 0.006250 0.025926
2 0.464583 0.209259 0.080208 0.124074
0 0.453646 0.519444 0.052083 0.037037
2 0.503646 0.765741 0.079167 0.059259
0 0.551562 0.626852 0.029167 0.014815
0 0.577083 0.067593 0.034375 0.007407
1 0.587500 0.686111 0.011458 0.022222
2 0.662500 0.429630 0.057292 0.061111
0 0.775521 0.603704 0.031250 0.016667
0 0.826302 0.787963 0.025521 0.014815
2 0.925000 0.555556 0.076042 0.064815
