1 0.030556 0.631836 0.018254 0.023438
2 0.086508 0.438965 0.107937 0.081055
2 0.112698 0.877930 0.080952 0.023438
0 0.124603 0.369141 0.098413 0.103516
1 0.275397 0.194336 0.019048 0.031250
2 0.347619 0.744141 0.100000 0.115234
0 0.326190 0.791016 0.019048 0.021484
1 0.368254 0.468750 0.007937 0.021484
0 0.441270 0.673828 0.049206 0.095703
2 0.720635 0.252930 0.065079 0.214844
2 0.798413 0.800781 0.068254 0.263672
2 0.796032 0.967773 0.047619 0.039062
1 0.796825 0.554688 0.014286 0.041016
0 0.857143 0.566406 0.033333 0.072266
1 0.869444 0.458008 0.007143 0.019531
0 0.912698 0.538086 0.017460 0.082031
