2 0.070635 0.139648 0.117460 0.132812
0 0.074603 0.735352 0.058730 0.066406
0 0.108730 0.806641 0.034921 0.029297
0 0.115873 0.893555 0.039683 0.031250
2 0.179365 0.416992 0.023810 0.078125
1 0.192857 0.654297 0.022222 0.025391
1 0.327778 0.976562 0.015873 0.017578
0 0.399206 0.722656 0.044444 0.087891
2 0.441270 0.640625 0.093651 0.091797
2 0.534127 0.745117 0.152381 0.250000
2 0.684127 0.595703 0.182540 0.134766
2 0.821429 0.682617 0.107937 0.152344
1 0.823810 0.547852 0.011111 0.011719
2 0.876984 0.921875 0.098413 0.056641
