0 0.088542 0.190741 0.026042 0.050000
2 0.113542 0.779630 0.046875 0.050000
0 0.136458 0.392593 0.036458 0.020370
2 0.335938 0.817593 0.300000 0.292593
1 0.191406 0.038426 0.006771 0.010185
1 0.201042 0.479630 0.011458 0.024074
2 0.304688 0.675000 0.018750 0.025926
1 0.317708 0.506481 0.030208 0.011111
2 0.349479 0.587963 0.054167 0.107407
1 0.408854 0.615741 0.006250 0.011111
2 0.631771 0.588889 0.208333 0.346296
0 0.612240 0.800926 0.039062 0.011111
2 0.678906 0.380556 0.057813 0.159259
1 0.656771 0.587963 0.012500 0.018519
2 0.763542 0.473148 0.073958 0.044444
1 0.969792 0.427778 0.009375 0.012963
