2 0.149479 0.716667 0.197917 0.194444
2 0.111458 0.566667 0.032292 0.057407
2 0.160677 0.412963 0.088021 0.046296
0 0.274479 0.099074 0.039583 0.044444
2 0.335938 0.858333 0.083333 0.062963
2 0.350000 0.508333 0.109375 0.162963
0 0.330208 0.302778 0.032292 0.018519
2 0.376563 0.223148 0.070833 0.040741
0 0.486198 0.080556 0.011979 0.070370
0 0.621354 0.874074 0.039583 0.012963
2 0.663542 0.180556 0.113542 0.033333
0 0.631250 0.487037 0.023958 0.024074
0 0.704688 0.417593 0.014583 0.037037
0 0.798438 0.639815 0.012500 0.007407
