0 0.126190 0.813477 0.041270 0.070312
2 0.152381 0.916992 0.055556 0.105469
0 0.342857 0.685547 0.046032 0.037109
2 0.396825 0.500977 0.138095 0.230469
0 0.369048 0.803711 0.028571 0.027344
2 0.419841 0.330078 0.050794 0.134766
0 0.468254 0.737305 0.065079 0.074219
0 0.473810 0.938477 0.034921 0.039062
1 0.506349 0.277344 0.058730 0.017578
2 0.508333 0.087891 0.035714 0.064453
2 0.569841 0.780273 0.090476 0.097656
0 0.737302 0.077148 0.041270 0.050781
0 0.743651 0.176758 0.028571 0.054688
0 0.788889 0.796875 0.017460 0.033203
2 0.909524 0.432617 0.103175 0.097656
1 0.882540 0.815430 0.023810 0.035156
1 0.947619 0.980469 0.036508 0.021484
0 0.973016 0.267578 0.030159 0.033203
