1 0.077778 0.822266 0.017460 0.017578
0 0.119048 0.152344 0.026984 0.060547
0 0.157143 0.531250 0.071429 0.068359
2 0.168254 0.134766 0.087302 0.041016
2 0.304762 0.478516 0.293651 0.724609
0 0.366270 0.146484 0.034127 0.013672
0 0.376190 0.876953 0.017460 0.013672
2 0.410317 0.782227 0.053968 0.078125
0 0.456746 0.501465 0.042063 0.041992
1 0.452381 0.944336 0.011111 0.019531
1 0.500000 0.189453 0.014286 0.017578
2 0.625794 0.805664 0.134127 0.066406
2 0.699206 0.556641 0.212698 0.560547
0 0.646825 0.298828 0.076190 0.037109
0 0.715476 0.521484 0.050000 0.029297
0 0.759524 0.491211 0.028571 0.093750
2 0.883333 0.863281 0.168254 0.123047
2 0.833730 0.226562 0.065873 0.091797
0 0.940476 0.089844 0.076190 0.029297
