1 0.057143 0.730469 0.017460 0.013672
1 0.117460 0.304688 0.052381 0.025391
0 0.126190 0.125000 0.022222 0.048828
2 0.184524 0.725586 0.121429 0.140625
0 0.150794 0.858398 0.039683 0.070312
2 0.165873 0.532227 0.057143 0.164062
1 0.407937 0.837891 0.011111 0.017578
2 0.448413 0.438477 0.066667 0.105469
0 0.506349 0.794922 0.042857 0.029297
2 0.633333 0.694336 0.080952 0.113281
0 0.648810 0.312500 0.027778 0.017578
2 0.737302 0.560547 0.149206 0.158203
2 0.776190 0.615234 0.188889 0.138672
0 0.813492 0.869141 0.025397 0.044922
2 0.867460 0.308594 0.041270 0.134766
