0 0.042063 0.729492 0.044444 0.062500
2 0.099206 0.334961 0.120635 0.140625
2 0.223016 0.235352 0.365079 0.382812
2 0.150794 0.464844 0.125397 0.041016
0 0.127778 0.205078 0.012698 0.025391
2 0.198413 0.539062 0.112698 0.228516
1 0.195238 0.113281 0.030159 0.029297
0 0.209524 0.449219 0.033333 0.095703
1 0.234921 0.166992 0.017460 0.027344
0 0.367460 0.247070 0.060317 0.031250
2 0.600794 0.887695 0.158730 0.125000
2 0.748413 0.232422 0.298413 0.197266
2 0.620635 0.575195 0.036508 0.082031
1 0.782540 0.767578 0.007937 0.048828
0 0.826190 0.186523 0.060317 0.023438
1 0.867460 0.825195 0.012698 0.015625
0 0.880159 0.625977 0.015873 0.011719
0 0.973016 0.474609 0.007937 0.037109
