1 0.180159 0.561523 0.015873 0.019531
0 0.384921 0.458008 0.050794 0.089844
0 0.422222 0.274414 0.077778 0.046875
2 0.414286 0.453125 0.033333 0.033203
0 0.442063 0.822266 0.015873 0.060547
2 0.611905 0.806641 0.330159 0.126953
2 0.601587 0.614258 0.153968 0.167969
2 0.585714 0.561523 0.068254 0.117188
0 0.696032 0.323242 0.019048 0.023438
2 0.796429 0.343750 0.127778 0.138672
0 0.776984 0.666992 0.053968 0.058594
2 0.822619 0.676758 0.043651 0.109375
1 0.849206 0.778320 0.011111 0.015625
1 0.866667 0.541016 0.014286 0.025391
0 0.951587 0.947266 0.031746 0.037109
