0 0.102381 0.592773 0.082540 0.093750
1 0.119841 0.756348 0.028571 0.028320
2 0.202381 0.211914 0.174603 0.054688
0 0.151587 0.595703 0.012698 0.056641
2 0.233333 0.405273 0.065079 0.058594
0 0.226190 0.820312 0.034921 0.044922
2 0.292460 0.305664 0.059524 0.046875
2 0.410317 0.799805 0.177778 0.218750
0 0.361111 0.925781 0.022222 0.033203
0 0.426190 0.213867 0.114286 0.082031
0 0.431746 0.314453 0.065079 0.072266
1 0.584921 0.838867 0.009524 0.007812
1 0.753175 0.302734 0.012698 0.025391
0 0.773016 0.660156 0.039683 0.111328
1 0.964683 0.712891 0.008730 0.021484
