1 0.014286 0.649414 0.020635 0.027344
2 0.082937 0.183594 0.107143 0.033203
0 0.112698 0.730469 0.112698 0.052734
2 0.212698 0.315430 0.109524 0.242188
2 0.190476 0.258789 0.036508 0.085938
1 0.193651 0.440918 0.023810 0.014648
1 0.257143 0.312500 0.052381 0.169922
0 0.228571 0.670898 0.030159 0.027344
0 0.247619 0.375000 0.023810 0.013672
1 0.361508 0.084961 0.102381 0.042969
2 0.369048 0.843750 0.038095 0.076172
0 0.590476 0.755859 0.055556 0.052734
0 0.602381 0.654297 0.069841 0.080078
0 0.630952 0.800781 0.015873 0.029297
2 0.680952 0.849609 0.071429 0.107422
0 0.788095 0.657227 0.041270 0.027344
