2 0.153646 0.176852 0.070833 0.077778
2 0.314583 0.309259 0.269792 0.261111
2 0.203125 0.900000 0.030208 0.038889
2 0.231771 0.464815 0.045833 0.124074
0 0.399479 0.657407 0.043750 0.020370
1 0.430208 0.198148 0.005208 0.016667
0 0.528125 0.571296 0.030208 0.007407
0 0.557813 0.271296 0.081250 0.014815
2 0.567448 0.036111 0.017188 0.051852
2 0.584375 0.784259 0.026042 0.062963
2 0.600521 0.275000 0.020833 0.081481
1 0.691927 0.370370 0.014063 0.020370
1 0.808333 0.479630 0.011458 0.016667
0 0.837500 0.352778 0.015625 0.029630
