0 0.053968 0.344727 0.026984 0.031250
2 0.130159 0.891602 0.080952 0.082031
2 0.192857 0.424805 0.142857 0.175781
0 0.472222 0.186523 0.015873 0.035156
1 0.552381 0.312988 0.065079 0.028320
2 0.595238 0.358398 0.042857 0.089844
0 0.674603 0.472656 0.055556 0.115234
1 0.706349 0.258789 0.077778 0.027344
0 0.768254 0.902344 0.007937 0.064453
0 0.789683 0.979492 0.034921 0.027344
0 0.826190 0.530273 0.050794 0.050781
1 0.823810 0.904297 0.014286 0.021484
2 0.891270 0.458984 0.117460 0.298828
0 0.889683 0.279297 0.066667 0.052734
0 0.881746 0.250977 0.025397 0.089844
0 0.935714 0.769531 0.025397 0.083984
