0 0.050397 0.875000 0.016667 0.021484
0 0.287302 0.638184 0.090476 0.030273
2 0.264286 0.226562 0.028571 0.072266
2 0.303175 0.750977 0.106349 0.136719
1 0.421429 0.408203 0.009524 0.017578
1 0.444048 0.959961 0.013492 0.007812
0 0.454762 0.831055 0.022222 0.019531
2 0.530159 0.083984 0.049206 0.060547
0 0.572619 0.517578 0.054762 0.044922
0 0.604762 0.055664 0.080952 0.035156
1 0.723016 0.092773 0.019048 0.039062
0 0.782540 0.330078 0.071429 0.037109
0 0.844444 0.191406 0.033333 0.138672
2 0.904762 0.829102 0.074603 0.097656
1 0.881746 0.079102 0.009524 0.011719
