2 0.037500 0.604630 0.032292 0.118519
2 0.150521 0.548148 0.250000 0.242593
2 0.180729 0.863889 0.216667 0.211111
0 0.128125 0.737963 0.053125 0.025926
2 0.247917 0.437963 0.067708 0.103704
0 0.261458 0.134259 0.051042 0.033333
0 0.338281 0.726852 0.063021 0.025926
2 0.375521 0.700000 0.141667 0.187037
0 0.386198 0.744444 0.016146 0.094444
0 0.588021 0.404630 0.041667 0.048148
0 0.617188 0.239815 0.029167 0.018519
1 0.628646 0.422222 0.014583 0.009259
2 0.777604 0.199074 0.133333 0.070370
0 0.859896 0.224074 0.039583 0.020370
