2 0.145238 0.913086 0.069841 0.082031
0 0.176190 0.343750 0.026984 0.083984
2 0.314286 0.575195 0.077778 0.132812
1 0.407143 0.744141 0.022222 0.021484
0 0.477778 0.325195 0.077778 0.039062
0 0.569048 0.601562 0.047619 0.068359
1 0.564683 0.583008 0.015079 0.039062
2 0.620635 0.947266 0.039683 0.083984
2 0.657937 0.868164 0.076190 0.015625
2 0.711508 0.793945 0.150000 0.050781
1 0.723016 0.360352 0.092063 0.082031
0 0.720635 0.550781 0.090476 0.025391
2 0.838889 0.506836 0.196825 0.203125
2 0.818254 0.173828 0.073016 0.251953
0 0.853175 0.712891 0.069841 0.052734
2 0.863492 0.534180 0.087302 0.105469
0 0.860317 0.694336 0.046032 0.035156
0 0.903175 0.108398 0.084127 0.062500
