0 0.114583 0.704630 0.036458 0.040741
0 0.156771 0.479630 0.062500 0.009259
0 0.145833 0.313889 0.015625 0.092593
2 0.551042 0.562963 0.780208 0.472222
2 0.181771 0.131481 0.035417 0.061111
0 0.234896 0.045370 0.006250 0.025926
1 0.304167 0.842593 0.009375 0.009259
0 0.380208 0.141204 0.026042 0.026852
2 0.427604 0.250926 0.045833 0.051852
2 0.522917 0.361111 0.201042 0.264815
2 0.501563 0.838889 0.070833 0.109259
0 0.481250 0.839815 0.013542 0.033333
1 0.481250 0.005556 0.007292 0.009259
0 0.545312 0.163889 0.025000 0.022222
0 0.551562 0.942593 0.031250 0.009259
0 0.729688 0.789815 0.016667 0.048148
0 0.858333 0.966667 0.019792 0.046296
