2 0.144444 0.404297 0.071429 0.048828
2 0.388889 0.481445 0.236508 0.414062
2 0.439683 0.495117 0.249206 0.332031
2 0.360317 0.653320 0.074603 0.265625
0 0.379365 0.930664 0.046032 0.046875
0 0.403175 0.248047 0.033333 0.076172
1 0.505556 0.281250 0.050794 0.044922
1 0.542857 0.123047 0.004762 0.013672
0 0.818254 0.707031 0.057143 0.033203
0 0.814683 0.786133 0.030952 0.031250
0 0.844444 0.793945 0.068254 0.027344
1 0.865873 0.098633 0.019048 0.015625
1 0.889683 0.760742 0.006349 0.027344
0 0.955952 0.382812 0.037302 0.037109
