2 0.114683 0.274902 0.130952 0.092773
0 0.142063 0.246094 0.044444 0.037109
1 0.131746 0.038086 0.011111 0.011719
0 0.164683 0.547852 0.050000 0.046875
2 0.272222 0.345703 0.219048 0.099609
2 0.184127 0.682617 0.042857 0.117188
0 0.206349 0.448242 0.046032 0.085938
0 0.291270 0.142578 0.034921 0.052734
2 0.318254 0.486328 0.034921 0.052734
1 0.388095 0.952148 0.025397 0.027344
2 0.429365 0.694336 0.028571 0.078125
0 0.488889 0.589844 0.026984 0.037109
0 0.579365 0.886719 0.103175 0.052734
2 0.626984 0.260742 0.169841 0.089844
0 0.630159 0.117188 0.103175 0.095703
0 0.607937 0.572754 0.026984 0.016602
2 0.673016 0.618164 0.125397 0.140625
2 0.853968 0.698242 0.096825 0.023438
0 0.844048 0.217773 0.053175 0.062500
0 0.907937 0.684570 0.055556 0.019531
