0 0.063492 0.601562 0.061905 0.044922
0 0.114683 0.686523 0.016667 0.027344
1 0.117460 0.726562 0.017460 0.037109
2 0.234921 0.362305 0.230159 0.488281
2 0.370635 0.555664 0.250794 0.359375
1 0.261905 0.564453 0.023810 0.037109
0 0.323810 0.281250 0.058730 0.048828
0 0.333333 0.884766 0.077778 0.041016
1 0.379365 0.227539 0.017460 0.023438
2 0.561905 0.144531 0.115873 0.216797
1 0.516667 0.683594 0.019048 0.021484
2 0.704762 0.825195 0.284127 0.285156
0 0.622619 0.671875 0.026190 0.033203
2 0.707937 0.825195 0.017460 0.011719
2 0.747619 0.323242 0.052381 0.140625
2 0.906746 0.223633 0.037302 0.035156
2 0.938889 0.511719 0.073016 0.146484
