2 0.280208 0.640741 0.021875 0.053704
0 0.289583 0.214815 0.017708 0.050000
0 0.322396 0.933796 0.031250 0.012037
0 0.335938 0.283333 0.020833 0.005556
1 0.345833 0.172222 0.007292 0.012963
0 0.409375 0.658333 0.034375 0.029630
0 0.478646 0.486111 0.068750 0.011111
0 0.451042 0.640741 0.009375 0.035185
2 0.605729 0.182407 0.147917 0.144444
0 0.574479 0.012037 0.033333 0.007407
1 0.573698 0.608333 0.010937 0.007407
2 0.679688 0.754630 0.041667 0.044444
0 0.676302 0.651852 0.022396 0.005556
0 0.843750 0.215741 0.023958 0.011111
