2 0.087302 0.701172 0.103175 0.251953
0 0.078571 0.341797 0.034921 0.048828
0 0.149206 0.419922 0.061905 0.041016
0 0.139286 0.619141 0.038889 0.021484
0 0.146825 0.653320 0.025397 0.023438
2 0.421825 0.466797 0.348413 0.427734
1 0.332937 0.381836 0.008730 0.019531
2 0.434921 0.781250 0.100000 0.123047
0 0.410317 0.065430 0.034921 0.046875
1 0.433333 0.136719 0.030159 0.017578
2 0.556349 0.129883 0.111111 0.128906
1 0.665873 0.179688 0.266667 0.224609
0 0.657143 0.175781 0.039683 0.056641
2 0.709524 0.593750 0.125397 0.228516
0 0.808730 0.097656 0.019048 0.048828
2 0.873810 0.479492 0.073016 0.191406
0 0.938095 0.876953 0.039683 0.076172
