0 0.094792 0.949074 0.032292 0.018519
0 0.129167 0.417593 0.023958 0.011111
0 0.225000 0.704630 0.034375 0.007407
2 0.271875 0.561111 0.105208 0.157407
2 0.411198 0.546296 0.046354 0.024074
0 0.454167 0.970370 0.040625 0.027778
0 0.610417 0.225926 0.034375 0.016667
2 0.809375 0.898148 0.111458 0.057407
2 0.788021 0.513889 0.062500 0.062963
1 0.769271 0.925926 0.025000 0.005556
2 0.778646 0.462037 0.030208 0.062963
2 0.834375 0.595370 0.067708 0.070370
1 0.831250 0.904630 0.009375 0.014815
2 0.899479 0.200000 0.020833 0.053704
0 0.903646 0.444444 0.008333 0.042593
2 0.966667 0.886111 0.038542 0.018519
