0 0.085714 0.764648 0.030159 0.097656
1 0.137302 0.634766 0.038095 0.052734
2 0.180952 0.460938 0.055556 0.083984
1 0.164286 0.541016 0.015873 0.009766
0 0.215079 0.262695 0.047619 0.066406
1 0.276190 0.929688 0.109524 0.076172
2 0.298413 0.724609 0.106349 0.064453
0 0.292857 0.706055 0.019048 0.031250
0 0.345635 0.124023 0.051587 0.031250
1 0.345238 0.201172 0.015873 0.033203
2 0.407937 0.796875 0.115873 0.232422
0 0.520635 0.381836 0.046032 0.050781
1 0.514286 0.982422 0.014286 0.017578
2 0.817460 0.724609 0.074603 0.087891
1 0.800794 0.942383 0.019048 0.023438
1 0.842063 0.134766 0.019048 0.021484
0 0.966667 0.481445 0.026984 0.023438
