0 0.151190 0.605469 0.024603 0.033203
2 0.227778 0.548828 0.126984 0.173828
1 0.172619 0.823242 0.010317 0.015625
2 0.403175 0.818848 0.160317 0.180664
2 0.365873 0.394531 0.066667 0.083984
1 0.362698 0.756836 0.031746 0.031250
0 0.374603 0.630859 0.023810 0.041016
1 0.409127 0.812500 0.013492 0.013672
2 0.460714 0.219727 0.121429 0.046875
0 0.580159 0.719727 0.126984 0.035156
1 0.621429 0.565430 0.015873 0.023438
2 0.641270 0.179688 0.046032 0.177734
2 0.668254 0.686523 0.042857 0.070312
1 0.707937 0.084961 0.028571 0.039062
0 0.747619 0.311523 0.061905 0.046875
1 0.756349 0.385742 0.022222 0.031250
1 0.911111 0.738281 0.017460 0.017578
1 0.946032 0.706055 0.020635 0.023438
