0 0.118750 0.337037 0.028125 0.016667
0 0.144792 0.525926 0.032292 0.042593
0 0.276562 0.823148 0.018750 0.055556
2 0.348698 0.175926 0.052604 0.027778
2 0.360156 0.093519 0.027604 0.081481
0 0.425000 0.560185 0.026042 0.051852
2 0.499479 0.594444 0.070833 0.072222
2 0.703646 0.616667 0.083333 0.068519
0 0.679167 0.440278 0.009375 0.013889
2 0.726042 0.750000 0.082292 0.061111
2 0.753646 0.192593 0.041667 0.046296
2 0.854167 0.170370 0.042708 0.068519
0 0.849479 0.395370 0.027083 0.014815
2 0.905208 0.866667 0.061458 0.212963
0 0.985417 0.221296 0.023958 0.011111
