0 0.100000 0.557407 0.046875 0.020370
2 0.301563 0.798148 0.066667 0.057407
2 0.304948 0.511111 0.041146 0.087037
2 0.339583 0.963889 0.032292 0.066667
2 0.425260 0.939815 0.024479 0.044444
2 0.467708 0.155556 0.107292 0.031481
2 0.545833 0.838889 0.205208 0.201852
0 0.479948 0.191667 0.063021 0.025926
1 0.497656 0.017593 0.015104 0.022222
2 0.621354 0.856481 0.043750 0.070370
2 0.640104 0.329630 0.043750 0.090741
2 0.746875 0.433333 0.034375 0.083333
0 0.771354 0.367593 0.010417 0.059259
2 0.828646 0.767593 0.102083 0.085185
1 0.813021 0.477778 0.014583 0.005556
1 0.842969 0.885185 0.018229 0.005556
