2 0.090476 0.615234 0.055556 0.142578
2 0.146825 0.852539 0.066667 0.082031
1 0.332143 0.261719 0.024603 0.025391
2 0.501587 0.301758 0.274603 0.371094
0 0.467460 0.694336 0.053968 0.074219
2 0.529365 0.199219 0.047619 0.083984
1 0.578175 0.640625 0.043651 0.072266
2 0.780952 0.799805 0.322222 0.226562
0 0.807937 0.214355 0.052381 0.022461
0 0.801587 0.896484 0.033333 0.072266
0 0.919841 0.741211 0.073016 0.039062
1 0.918254 0.254883 0.012698 0.015625
1 0.917460 0.399414 0.011111 0.015625
2 0.944444 0.226562 0.058730 0.115234
