2 0.079365 0.773438 0.055556 0.158203
2 0.150000 0.755859 0.066667 0.029297
1 0.142857 0.025391 0.014286 0.013672
1 0.237302 0.196289 0.142857 0.148438
0 0.245635 0.638672 0.026190 0.037109
0 0.442063 0.784180 0.063492 0.058594
2 0.487302 0.669922 0.076190 0.134766
2 0.491270 0.862305 0.073016 0.132812
1 0.476984 0.820312 0.019048 0.017578
0 0.578571 0.261719 0.028571 0.044922
2 0.834921 0.678711 0.112698 0.058594
0 0.855952 0.277344 0.024603 0.033203
2 0.923810 0.780273 0.033333 0.039062
1 0.939683 0.675293 0.049206 0.053711
1 0.975000 0.724609 0.029365 0.033203
