1 0.066667 0.074219 0.023810 0.029297
0 0.081746 0.137695 0.038095 0.148438
2 0.118254 0.314453 0.041270 0.162109
2 0.252381 0.666992 0.242857 0.062500
0 0.215079 0.279297 0.133333 0.068359
1 0.201984 0.168945 0.011905 0.027344
1 0.229365 0.502930 0.019048 0.015625
0 0.347619 0.089844 0.039683 0.103516
0 0.350794 0.491211 0.014286 0.019531
1 0.382540 0.889648 0.020635 0.031250
2 0.492857 0.331055 0.069841 0.144531
0 0.503175 0.364258 0.036508 0.078125
0 0.539683 0.734375 0.065079 0.083984
1 0.563492 0.095703 0.023810 0.029297
2 0.641270 0.175781 0.046032 0.095703
0 0.707937 0.718750 0.014286 0.037109
1 0.815873 0.057617 0.014286 0.019531
1 0.878175 0.852539 0.030952 0.042969
