0 0.124603 0.085449 0.120635 0.041992
2 0.210317 0.594727 0.241270 0.304688
2 0.195238 0.461914 0.144444 0.097656
2 0.346825 0.512695 0.168254 0.425781
0 0.291270 0.280273 0.034921 0.035156
1 0.390873 0.383789 0.027778 0.015625
1 0.484127 0.618164 0.058730 0.042969
0 0.537302 0.898438 0.028571 0.029297
1 0.543254 0.886719 0.010317 0.009766
1 0.557143 0.934570 0.020635 0.023438
0 0.585714 0.068848 0.068254 0.055664
2 0.598413 0.673828 0.065079 0.091797
2 0.693651 0.328125 0.182540 0.138672
0 0.712698 0.203125 0.017460 0.017578
2 0.767460 0.215820 0.060317 0.132812
2 0.785714 0.795898 0.065079 0.121094
0 0.792857 0.581055 0.028571 0.031250
2 0.907143 0.498047 0.031746 0.060547
