2 0.176984 0.479492 0.206349 0.054688
1 0.129762 0.818848 0.023016 0.012695
2 0.177778 0.344727 0.100000 0.183594
1 0.137302 0.930664 0.015873 0.039062
1 0.276587 0.610352 0.032540 0.031250
0 0.357143 0.690430 0.068254 0.035156
2 0.343651 0.603516 0.038095 0.099609
1 0.375397 0.180664 0.012698 0.015625
1 0.409524 0.102539 0.023810 0.027344
1 0.430159 0.580078 0.011111 0.029297
0 0.468254 0.902344 0.023810 0.041016
1 0.484524 0.489258 0.013492 0.035156
0 0.568254 0.770020 0.033333 0.020508
2 0.713492 0.909180 0.101587 0.128906
0 0.757937 0.333008 0.050794 0.019531
2 0.819048 0.484375 0.169841 0.240234
1 0.888095 0.629883 0.104762 0.035156
2 0.846825 0.675781 0.057143 0.173828
0 0.914286 0.417969 0.026984 0.056641
