2 0.480729 0.668519 0.758333 0.457407
2 0.203906 0.822222 0.061979 0.168519
1 0.188542 0.112963 0.013542 0.020370
2 0.319271 0.163889 0.200000 0.196296
0 0.242188 0.241667 0.025000 0.048148
0 0.313021 0.114815 0.010417 0.053704
2 0.386198 0.215741 0.040104 0.070370
0 0.384115 0.041667 0.025521 0.007407
2 0.532813 0.529630 0.172917 0.227778
2 0.486979 0.072222 0.031250 0.042593
1 0.647917 0.250000 0.007292 0.009259
1 0.749479 0.498148 0.004167 0.016667
0 0.839583 0.726852 0.009375 0.059259
0 0.925521 0.154630 0.047917 0.007407
2 0.960417 0.693519 0.053125 0.048148
