0 0.045833 0.344444 0.051042 0.024074
0 0.037500 0.559259 0.032292 0.016667
2 0.058333 0.622222 0.067708 0.068519
0 0.182812 0.929630 0.052083 0.035185
2 0.291146 0.655556 0.222917 0.216667
2 0.251042 0.328704 0.059375 0.055556
2 0.263802 0.187963 0.021354 0.029630
0 0.315365 0.373611 0.008854 0.013889
2 0.553125 0.540741 0.326042 0.316667
2 0.481250 0.127778 0.036458 0.050000
2 0.669271 0.158333 0.108333 0.081481
2 0.634375 0.477778 0.021875 0.024074
1 0.655990 0.437037 0.008854 0.005556
0 0.681771 0.252778 0.016667 0.100000
1 0.758854 0.866667 0.004167 0.016667
0 0.875521 0.199074 0.010417 0.055556
