0 0.034921 0.553711 0.036508 0.035156
1 0.051587 0.746094 0.015873 0.033203
1 0.213095 0.550781 0.040476 0.087891
0 0.250794 0.577148 0.090476 0.023438
0 0.367460 0.426758 0.117460 0.160156
2 0.380159 0.605469 0.133333 0.322266
1 0.337302 0.111328 0.012698 0.017578
0 0.449206 0.639648 0.106349 0.023438
0 0.529365 0.227539 0.019048 0.042969
2 0.565873 0.146484 0.028571 0.056641
2 0.681746 0.553711 0.073016 0.152344
1 0.687302 0.057617 0.020635 0.027344
2 0.852381 0.208008 0.179365 0.136719
0 0.911905 0.041992 0.069841 0.050781
