0 0.035156 0.787963 0.025521 0.007407
2 0.152083 0.562037 0.082292 0.085185
0 0.136458 0.512963 0.028125 0.016667
2 0.176563 0.315741 0.085417 0.048148
1 0.188542 0.638889 0.013542 0.012963
2 0.246094 0.179630 0.047396 0.042593
2 0.264062 0.744444 0.031250 0.042593
1 0.293229 0.229630 0.006250 0.009259
2 0.398438 0.426852 0.085417 0.070370
2 0.531771 0.179630 0.337500 0.327778
0 0.531250 0.054630 0.038542 0.018519
2 0.585938 0.776852 0.060417 0.088889
0 0.680208 0.593519 0.023958 0.022222
2 0.731250 0.577778 0.032292 0.042593
0 0.752865 0.851852 0.013021 0.005556
0 0.839063 0.514815 0.037500 0.020370
0 0.865104 0.260185 0.029167 0.011111
0 0.874479 0.391204 0.010417 0.015741
0 0.945833 0.859259 0.030208 0.061111
