1 0.166667 0.217773 0.014286 0.015625
1 0.175397 0.200195 0.028571 0.019531
2 0.238095 0.509766 0.046032 0.052734
1 0.292857 0.242188 0.034921 0.052734
0 0.388492 0.171875 0.019841 0.060547
0 0.451587 0.848633 0.044444 0.140625
0 0.476190 0.363281 0.039683 0.201172
1 0.526190 0.467773 0.022222 0.023438
0 0.688889 0.150391 0.068254 0.037109
1 0.699206 0.052734 0.022222 0.025391
2 0.773016 0.208008 0.096825 0.128906
1 0.807143 0.837891 0.015873 0.025391
2 0.909524 0.906250 0.052381 0.130859
0 0.949206 0.076172 0.014286 0.076172
