2 0.045052 0.697222 0.028646 0.051852
2 0.116146 0.231481 0.083333 0.061111
1 0.097135 0.708333 0.014063 0.003704
2 0.200000 0.636111 0.161458 0.085185
0 0.286198 0.900000 0.020313 0.009259
2 0.411979 0.487037 0.168750 0.164815
0 0.341667 0.556481 0.019792 0.055556
2 0.412500 0.163889 0.026042 0.070370
2 0.665104 0.314815 0.075000 0.257407
0 0.726042 0.783333 0.026042 0.024074
2 0.747396 0.561111 0.056250 0.090741
0 0.766667 0.096296 0.009375 0.027778
0 0.814063 0.741667 0.016667 0.014815
0 0.821875 0.585185 0.030208 0.020370
2 0.858854 0.162037 0.022917 0.070370
