2 0.044048 0.163086 0.032540 0.039062
0 0.080159 0.069336 0.047619 0.085938
1 0.111905 0.596191 0.012698 0.016602
2 0.160317 0.737305 0.106349 0.156250
0 0.223413 0.776367 0.037302 0.023438
0 0.190476 0.832031 0.011111 0.021484
0 0.227778 0.111328 0.025397 0.013672
2 0.323016 0.160156 0.101587 0.115234
1 0.314683 0.832031 0.057937 0.080078
1 0.375397 0.715820 0.022222 0.019531
1 0.435714 0.101562 0.022222 0.041016
2 0.487302 0.392578 0.036508 0.025391
0 0.557937 0.937500 0.073016 0.068359
2 0.683333 0.505859 0.073016 0.244141
2 0.740476 0.112305 0.088889 0.070312
1 0.701587 0.515625 0.011111 0.009766
0 0.820635 0.682617 0.046032 0.062500
0 0.836508 0.509766 0.026984 0.025391
2 0.915873 0.126953 0.084127 0.173828
