0 0.050794 0.502930 0.023810 0.039062
0 0.137302 0.416016 0.038095 0.103516
2 0.193651 0.505859 0.141270 0.169922
0 0.221429 0.537109 0.139683 0.095703
1 0.163889 0.269531 0.018254 0.029297
2 0.228175 0.854492 0.084921 0.093750
0 0.211111 0.789062 0.046032 0.021484
0 0.314286 0.648438 0.030159 0.048828
2 0.334921 0.236328 0.068254 0.111328
2 0.553175 0.255859 0.133333 0.216797
2 0.615079 0.143555 0.123810 0.183594
0 0.587302 0.614258 0.036508 0.039062
0 0.619048 0.351562 0.020635 0.029297
0 0.767460 0.453125 0.073016 0.126953
2 0.765079 0.275391 0.052381 0.029297
0 0.761508 0.760742 0.016667 0.054688
1 0.884127 0.627441 0.026984 0.012695
2 0.936508 0.868164 0.036508 0.117188
1 0.945238 0.515625 0.025397 0.033203
