1 0.040625 0.233333 0.007292 0.012963
1 0.192188 0.952778 0.008333 0.022222
2 0.258854 0.516667 0.129167 0.038889
0 0.267188 0.463889 0.016667 0.014815
2 0.344792 0.879630 0.159375 0.157407
1 0.374219 0.509259 0.018229 0.005556
2 0.466146 0.133333 0.120833 0.035185
2 0.523177 0.730556 0.020313 0.037037
0 0.561458 0.090741 0.032292 0.020370
2 0.609896 0.736111 0.087500 0.137037
1 0.708594 0.436111 0.011979 0.014815
2 0.745313 0.575000 0.022917 0.040741
0 0.798438 0.549074 0.010417 0.066667
0 0.822917 0.249074 0.042708 0.029630
1 0.815885 0.638889 0.007812 0.005556
2 0.851823 0.577778 0.038021 0.142593
0 0.867188 0.837963 0.010417 0.051852
0 0.914062 0.320370 0.012500 0.075926
