2 0.119531 0.321296 0.039062 0.107407
2 0.166927 0.230556 0.072396 0.037037
1 0.264844 0.828704 0.011979 0.007407
2 0.433333 0.633333 0.021875 0.068519
0 0.433073 0.857407 0.009896 0.061111
2 0.526302 0.225000 0.038021 0.103704
2 0.618750 0.806481 0.044792 0.077778
1 0.599479 0.621296 0.006250 0.011111
2 0.657292 0.282407 0.092708 0.070370
0 0.787240 0.667593 0.010937 0.033333
0 0.798438 0.423148 0.027083 0.011111
0 0.820833 0.028704 0.028125 0.011111
0 0.898958 0.612963 0.032292 0.016667
0 0.972396 0.735185 0.029167 0.016667
