1 0.071825 0.494141 0.018254 0.021484
1 0.115079 0.384277 0.025397 0.010742
2 0.184127 0.743164 0.074603 0.082031
1 0.284127 0.429688 0.014286 0.013672
2 0.407143 0.766602 0.209524 0.320312
0 0.328571 0.567383 0.046032 0.132812
0 0.321429 0.216797 0.015873 0.037109
0 0.476984 0.918945 0.031746 0.054688
2 0.588095 0.752930 0.104762 0.214844
1 0.590476 0.857422 0.042857 0.068359
1 0.626190 0.271973 0.019048 0.008789
2 0.677778 0.893555 0.122222 0.128906
0 0.657143 0.544922 0.020635 0.029297
0 0.788889 0.761719 0.046032 0.060547
0 0.814286 0.060547 0.020635 0.033203
