2 0.054167 0.178704 0.082292 0.133333
0 0.129948 0.223148 0.024479 0.014815
0 0.255208 0.607407 0.040625 0.016667
0 0.410156 0.141667 0.018229 0.103704
2 0.465625 0.257407 0.065625 0.061111
2 0.460938 0.871296 0.056250 0.048148
2 0.552083 0.575926 0.119792 0.035185
2 0.605729 0.044444 0.072917 0.075926
0 0.663021 0.797222 0.016667 0.033333
0 0.714063 0.801852 0.008333 0.042593
2 0.800000 0.296296 0.038542 0.105556
1 0.888281 0.395370 0.025521 0.007407
2 0.924479 0.716667 0.025000 0.061111
1 0.920052 0.320370 0.007812 0.005556
