2 0.030952 0.800781 0.028571 0.080078
0 0.088095 0.471680 0.022222 0.039062
2 0.191667 0.338867 0.057937 0.070312
0 0.186508 0.922852 0.034921 0.113281
2 0.214286 0.316406 0.055556 0.126953
0 0.270635 0.182617 0.038095 0.039062
1 0.267460 0.149414 0.015873 0.023438
0 0.382540 0.510742 0.058730 0.062500
0 0.480159 0.425781 0.015873 0.021484
0 0.539683 0.333008 0.131746 0.062500
2 0.495238 0.543945 0.033333 0.074219
2 0.672222 0.497070 0.044444 0.070312
1 0.811508 0.320312 0.013492 0.013672
1 0.882540 0.213867 0.011111 0.027344
1 0.951587 0.306641 0.025397 0.033203
1 0.963095 0.911133 0.019841 0.015625
