0 0.089683 0.912109 0.101587 0.126953
1 0.090476 0.570312 0.017460 0.017578
2 0.132540 0.478516 0.053968 0.115234
1 0.257937 0.428711 0.012698 0.019531
2 0.406349 0.114258 0.122222 0.085938
2 0.409921 0.136719 0.061111 0.048828
0 0.624603 0.161133 0.076190 0.023438
2 0.750000 0.784180 0.288889 0.234375
2 0.711905 0.854492 0.079365 0.167969
0 0.690476 0.097656 0.026984 0.025391
2 0.803968 0.291016 0.050794 0.404297
0 0.853968 0.669922 0.020635 0.013672
0 0.934921 0.337402 0.046032 0.010742
0 0.936508 0.945312 0.049206 0.041016
1 0.925397 0.445312 0.014286 0.017578
0 0.948413 0.725586 0.019048 0.027344
