1 0.250794 0.829102 0.023810 0.039062
0 0.253175 0.853516 0.015873 0.048828
0 0.293651 0.253906 0.023810 0.048828
0 0.376190 0.420898 0.077778 0.066406
0 0.431746 0.384766 0.061905 0.033203
0 0.432540 0.722656 0.038095 0.080078
0 0.487302 0.665039 0.046032 0.062500
1 0.534921 0.836426 0.080952 0.020508
0 0.642857 0.705078 0.020635 0.123047
0 0.704762 0.150391 0.052381 0.111328
2 0.780952 0.779297 0.100000 0.123047
1 0.773810 0.059570 0.019048 0.019531
2 0.889683 0.437500 0.155556 0.107422
2 0.914286 0.165039 0.109524 0.121094
1 0.899206 0.076172 0.006349 0.017578
0 0.942460 0.880859 0.045238 0.052734
2 0.940079 0.262695 0.034127 0.097656
