0 0.047396 0.652778 0.018750 0.044444
2 0.254167 0.279630 0.223958 0.205556
2 0.238542 0.283333 0.105208 0.079630
2 0.265104 0.300000 0.032292 0.090741
2 0.330729 0.772222 0.072917 0.064815
2 0.345833 0.187037 0.101042 0.083333
0 0.309896 0.605556 0.025000 0.009259
2 0.428646 0.449074 0.252083 0.248148
1 0.614062 0.544444 0.008333 0.009259
0 0.641146 0.965741 0.020833 0.018519
1 0.766406 0.113889 0.006771 0.007407
2 0.805469 0.644444 0.056771 0.150000
2 0.853385 0.295370 0.067187 0.177778
1 0.939583 0.335185 0.026042 0.005556
