1 0.055469 0.760185 0.005729 0.018519
0 0.075000 0.153704 0.004167 0.020370
2 0.178125 0.348148 0.030208 0.072222
2 0.209375 0.818519 0.017708 0.042593
0 0.362500 0.355556 0.021875 0.009259
2 0.483333 0.616667 0.201042 0.335185
1 0.480469 0.492593 0.007812 0.005556
2 0.590104 0.355556 0.019792 0.046296
0 0.647917 0.023148 0.028125 0.011111
1 0.657813 0.496296 0.006250 0.009259
2 0.722396 0.066667 0.043750 0.075926
0 0.723958 0.984259 0.036458 0.014815
0 0.785937 0.034259 0.039583 0.025926
2 0.828125 0.372222 0.092708 0.053704
0 0.860938 0.084259 0.020833 0.011111
1 0.901042 0.986111 0.028125 0.007407
