2 0.053906 0.717593 0.040104 0.070370
1 0.173958 0.696296 0.013542 0.020370
0 0.237500 0.675000 0.038542 0.018519
2 0.545312 0.610185 0.622917 0.374074
0 0.266667 0.770370 0.011458 0.064815
2 0.308854 0.923148 0.020833 0.051852
0 0.543490 0.395370 0.025521 0.007407
0 0.547396 0.758333 0.014583 0.040741
0 0.565625 0.560185 0.036458 0.022222
2 0.604167 0.501852 0.059375 0.087037
2 0.667188 0.104630 0.085417 0.070370
2 0.743229 0.943519 0.062500 0.092593
2 0.850000 0.353704 0.073958 0.250000
0 0.851042 0.044444 0.013542 0.012963
0 0.874479 0.596296 0.041667 0.046296
1 0.880990 0.476852 0.017188 0.007407
2 0.938021 0.487037 0.060417 0.064815
