0 0.079687 0.633333 0.027083 0.012963
2 0.127083 0.166667 0.034375 0.083333
0 0.160938 0.533333 0.010417 0.057407
0 0.187500 0.611111 0.038542 0.050000
2 0.209115 0.450926 0.075521 0.037037
2 0.224479 0.541667 0.064583 0.107407
2 0.232813 0.790741 0.068750 0.138889
2 0.388021 0.513889 0.037500 0.140741
2 0.609375 0.837500 0.020833 0.045370
2 0.699479 0.700926 0.200000 0.196296
1 0.713542 0.801852 0.009375 0.027778
2 0.786979 0.157407 0.033333 0.127778
2 0.827083 0.386111 0.051042 0.025926
0 0.841146 0.570370 0.014583 0.009259
2 0.896875 0.898148 0.033333 0.094444
2 0.956510 0.595370 0.025521 0.033333
