2 0.171875 0.094444 0.061458 0.061111
2 0.190104 0.291204 0.029167 0.060185
2 0.220312 0.217593 0.043750 0.092593
1 0.256771 0.441667 0.012500 0.018519
2 0.578646 0.263889 0.622917 0.374074
1 0.404948 0.863889 0.006771 0.014815
2 0.470573 0.740278 0.022396 0.047222
2 0.505208 0.123148 0.057292 0.114815
0 0.500521 0.287963 0.018750 0.051852
2 0.718229 0.814815 0.060417 0.064815
2 0.722396 0.969444 0.043750 0.048148
2 0.847917 0.533333 0.284375 0.261111
2 0.732292 0.881481 0.048958 0.072222
0 0.735938 0.433333 0.018750 0.057407
2 0.752604 0.562963 0.018750 0.057407
2 0.866146 0.937963 0.158333 0.085185
0 0.860938 0.551852 0.041667 0.016667
0 0.981771 0.016667 0.020833 0.009259
