2 0.111111 0.566406 0.068254 0.044922
0 0.207143 0.625000 0.034921 0.037109
1 0.287302 0.536133 0.020635 0.042969
0 0.365476 0.740234 0.129365 0.029297
0 0.340476 0.240234 0.019048 0.029297
0 0.351587 0.799805 0.015873 0.023438
0 0.456349 0.444824 0.066667 0.045898
0 0.573016 0.501953 0.084127 0.052734
0 0.600794 0.787109 0.073016 0.076172
2 0.716667 0.269531 0.034921 0.072266
2 0.765079 0.265625 0.052381 0.068359
2 0.807143 0.769531 0.025397 0.037109
2 0.883333 0.387695 0.155556 0.085938
1 0.876190 0.919922 0.026984 0.013672
1 0.888889 0.467773 0.011111 0.015625
0 0.934127 0.959961 0.025397 0.023438
1 0.978968 0.141602 0.018254 0.019531
