2 0.452083 0.395370 0.773958 0.466667
2 0.466146 0.735185 0.731250 0.442593
2 0.537500 0.270370 0.059375 0.061111
2 0.654167 0.738889 0.194792 0.327778
0 0.620313 0.042593 0.027083 0.012963
2 0.657292 0.659259 0.028125 0.072222
2 0.682292 0.249074 0.067708 0.225926
2 0.726042 0.422222 0.092708 0.142593
1 0.751563 0.984259 0.012500 0.011111
2 0.787500 0.621296 0.080208 0.081481
1 0.760938 0.568519 0.010417 0.016667
0 0.796354 0.440741 0.012500 0.012963
0 0.834896 0.570370 0.022917 0.009259
0 0.868750 0.111111 0.034375 0.020370
