1 0.030208 0.691667 0.005208 0.014815
2 0.181250 0.689815 0.290625 0.281481
0 0.205990 0.325926 0.011979 0.072222
0 0.255990 0.443519 0.022396 0.029630
2 0.273958 0.200000 0.042708 0.046296
0 0.418750 0.300463 0.030208 0.012037
1 0.421354 0.448148 0.004167 0.012963
2 0.432292 0.635185 0.021875 0.083333
1 0.448698 0.670370 0.015104 0.005556
0 0.534896 0.780556 0.012500 0.037037
2 0.679167 0.576852 0.069792 0.077778
2 0.751042 0.058333 0.021875 0.051852
2 0.852604 0.925926 0.147917 0.042593
0 0.923698 0.762963 0.013021 0.005556
1 0.944792 0.465741 0.009375 0.014815
