0 0.060317 0.073242 0.055556 0.109375
2 0.067460 0.515625 0.057143 0.138672
2 0.097619 0.907227 0.034921 0.039062
1 0.226190 0.805664 0.025397 0.035156
0 0.338889 0.667969 0.044444 0.025391
2 0.423810 0.442383 0.195238 0.148438
2 0.465079 0.549805 0.214286 0.359375
2 0.633333 0.053711 0.103175 0.039062
2 0.714286 0.031250 0.055556 0.048828
2 0.740476 0.181641 0.098413 0.169922
2 0.757143 0.404297 0.087302 0.134766
0 0.780159 0.865234 0.031746 0.056641
0 0.796032 0.371094 0.044444 0.017578
0 0.793651 0.661133 0.033333 0.046875
0 0.864286 0.094727 0.028571 0.035156
1 0.907143 0.565430 0.025397 0.035156
1 0.971032 0.341797 0.019841 0.009766
