2 0.078571 0.886719 0.142857 0.099609
0 0.146032 0.437500 0.046032 0.029297
2 0.227778 0.231445 0.149206 0.316406
2 0.269048 0.312500 0.066667 0.107422
2 0.457937 0.390625 0.107937 0.154297
1 0.437698 0.429688 0.007143 0.037109
1 0.460317 0.343750 0.020635 0.009766
0 0.600794 0.140625 0.041270 0.013672
2 0.699603 0.608398 0.132540 0.167969
2 0.669841 0.531250 0.061905 0.115234
2 0.697619 0.733398 0.117460 0.140625
1 0.669841 0.270508 0.011111 0.007812
1 0.678571 0.110352 0.007937 0.027344
0 0.897619 0.850586 0.063492 0.093750
1 0.934127 0.392578 0.015873 0.033203
1 0.977381 0.802734 0.015079 0.017578
