1 0.115079 0.464844 0.041270 0.013672
0 0.139683 0.846680 0.033333 0.027344
0 0.250794 0.482422 0.030159 0.029297
0 0.295238 0.811523 0.055556 0.058594
1 0.453175 0.604492 0.025397 0.031250
0 0.465079 0.923828 0.036508 0.013672
0 0.545238 0.577148 0.053968 0.054688
2 0.588889 0.916992 0.042857 0.117188
0 0.601190 0.623047 0.010317 0.033203
0 0.692063 0.805664 0.036508 0.027344
1 0.684921 0.358398 0.009524 0.019531
0 0.739683 0.526367 0.071429 0.058594
0 0.803175 0.721680 0.065079 0.050781
0 0.830159 0.227539 0.061905 0.054688
2 0.909127 0.112305 0.065873 0.015625
