2 0.184921 0.413086 0.212698 0.488281
0 0.089683 0.053711 0.009524 0.015625
1 0.097619 0.954102 0.009524 0.019531
2 0.129365 0.685059 0.028571 0.022461
0 0.175397 0.503906 0.038095 0.025391
2 0.343651 0.432617 0.349206 0.234375
2 0.220635 0.487305 0.058730 0.125000
0 0.369841 0.064453 0.030159 0.037109
0 0.384127 0.392578 0.036508 0.072266
0 0.488095 0.336914 0.060317 0.039062
1 0.534921 0.344727 0.014286 0.035156
1 0.603175 0.164062 0.033333 0.029297
0 0.725397 0.620117 0.071429 0.039062
2 0.768254 0.687500 0.134921 0.201172
2 0.758730 0.541016 0.103175 0.220703
0 0.762698 0.740234 0.019048 0.029297
1 0.858730 0.911133 0.007937 0.046875
2 0.942857 0.593750 0.055556 0.107422
