2 0.169271 0.615741 0.218750 0.211111
2 0.084896 0.470370 0.031250 0.042593
0 0.095833 0.848148 0.032292 0.027778
2 0.113021 0.107407 0.060417 0.061111
2 0.153125 0.450000 0.076042 0.261111
2 0.247135 0.218519 0.054688 0.146296
0 0.280208 0.870370 0.015625 0.009259
2 0.294271 0.309259 0.037500 0.075926
0 0.418229 0.935185 0.027083 0.009259
2 0.491146 0.587037 0.100000 0.083333
0 0.545312 0.022222 0.029167 0.027778
2 0.767188 0.741667 0.187500 0.314815
2 0.894792 0.308333 0.176042 0.229630
2 0.852604 0.618519 0.070833 0.064815
0 0.891667 0.118519 0.007292 0.031481
