2 0.117188 0.238889 0.093750 0.324074
0 0.132292 0.521759 0.032292 0.013889
1 0.247917 0.720370 0.007292 0.012963
2 0.318229 0.152778 0.060417 0.118519
2 0.354687 0.591667 0.060417 0.033333
1 0.332292 0.039815 0.009375 0.014815
0 0.403125 0.248148 0.038542 0.009259
1 0.550000 0.943519 0.028125 0.007407
2 0.692187 0.745370 0.204167 0.200000
2 0.670312 0.894444 0.039583 0.068519
0 0.706250 0.161111 0.013542 0.038889
2 0.730990 0.456481 0.057813 0.159259
0 0.779948 0.901852 0.010937 0.005556
0 0.927083 0.693519 0.028125 0.018519
