1 0.043651 0.505859 0.038095 0.013672
0 0.126190 0.856445 0.019048 0.039062
1 0.146032 0.371094 0.014286 0.025391
2 0.434921 0.634766 0.058730 0.177734
2 0.534921 0.380859 0.182540 0.142578
0 0.484127 0.165039 0.065079 0.019531
2 0.676984 0.405273 0.257143 0.675781
0 0.598413 0.170898 0.058730 0.050781
0 0.632143 0.923828 0.011905 0.037109
1 0.661905 0.980469 0.014286 0.013672
0 0.696825 0.902344 0.036508 0.091797
2 0.788889 0.255859 0.144444 0.173828
0 0.807143 0.562500 0.101587 0.029297
2 0.933333 0.804688 0.046032 0.048828
