1 0.027083 0.169444 0.021875 0.007407
2 0.175000 0.429630 0.269792 0.264815
0 0.219792 0.924537 0.036458 0.008333
2 0.254688 0.608333 0.064583 0.037037
0 0.362500 0.537037 0.011458 0.042593
0 0.595313 0.330556 0.029167 0.007407
0 0.594531 0.272222 0.009896 0.061111
0 0.651042 0.094444 0.036458 0.024074
1 0.731771 0.038889 0.010417 0.016667
1 0.763542 0.480556 0.011458 0.007407
0 0.778125 0.780556 0.030208 0.029630
0 0.772917 0.505556 0.009375 0.027778
0 0.929167 0.261111 0.004167 0.020370
2 0.962760 0.371296 0.054688 0.144444
1 0.964063 0.024074 0.008333 0.012963
1 0.986979 0.321296 0.008333 0.007407
