2 0.161111 0.633789 0.161905 0.050781
0 0.165476 0.784180 0.053175 0.050781
2 0.249206 0.553711 0.176190 0.519531
1 0.311111 0.306641 0.030159 0.044922
2 0.482540 0.501953 0.112698 0.123047
0 0.453175 0.785156 0.031746 0.052734
2 0.647619 0.633789 0.347619 0.589844
1 0.493651 0.719727 0.020635 0.031250
0 0.519048 0.734375 0.039683 0.037109
0 0.567460 0.797852 0.057143 0.027344
2 0.716667 0.407227 0.038095 0.015625
2 0.741270 0.640625 0.080952 0.103516
1 0.819841 0.887695 0.012698 0.011719
2 0.882540 0.798828 0.100000 0.119141
0 0.950794 0.795410 0.030159 0.028320
