2 0.229167 0.817593 0.230208 0.225926
1 0.178906 0.059259 0.006771 0.012963
2 0.208854 0.412963 0.060417 0.061111
0 0.232813 0.693981 0.037500 0.010185
0 0.291146 0.690741 0.041667 0.046296
2 0.586979 0.469444 0.593750 0.355556
2 0.354427 0.132407 0.085938 0.044444
0 0.325521 0.040741 0.027083 0.012963
1 0.451302 0.036111 0.011979 0.014815
2 0.480990 0.695370 0.021354 0.037037
2 0.578646 0.769444 0.058333 0.051852
2 0.698958 0.427778 0.017708 0.046296
0 0.762500 0.691667 0.021875 0.011111
0 0.910417 0.360185 0.028125 0.007407
