0 0.082812 0.723148 0.029167 0.014815
2 0.253646 0.740741 0.200000 0.194444
0 0.202344 0.311111 0.020313 0.020370
0 0.286458 0.303704 0.059375 0.009259
0 0.318229 0.692593 0.039583 0.012963
2 0.450260 0.699074 0.024479 0.096296
2 0.485417 0.449074 0.028125 0.103704
2 0.576562 0.781481 0.062500 0.068519
2 0.612500 0.935185 0.067708 0.105556
0 0.600000 0.331481 0.038542 0.027778
0 0.668750 0.585185 0.023958 0.005556
0 0.804167 0.097685 0.009375 0.013889
2 0.872917 0.766667 0.023958 0.072222
1 0.906510 0.805556 0.005729 0.009259
