0 0.113889 0.841797 0.030952 0.025391
2 0.139683 0.186523 0.052381 0.164062
2 0.229365 0.076172 0.085714 0.056641
2 0.300794 0.572266 0.053968 0.080078
0 0.325397 0.438477 0.030159 0.046875
0 0.354762 0.494629 0.079365 0.110352
0 0.402381 0.777344 0.034921 0.072266
2 0.619048 0.493164 0.373016 0.515625
2 0.487302 0.705078 0.084127 0.216797
1 0.484127 0.732422 0.020635 0.044922
0 0.662302 0.548828 0.053175 0.048828
2 0.715079 0.573242 0.104762 0.074219
0 0.744048 0.887695 0.078571 0.039062
2 0.803175 0.553711 0.093651 0.156250
0 0.884127 0.415039 0.046032 0.023438
