2 0.146825 0.807617 0.063492 0.062500
2 0.238889 0.378906 0.209524 0.142578
1 0.224603 0.588867 0.019048 0.019531
1 0.221032 0.711914 0.008730 0.007812
0 0.293651 0.559570 0.093651 0.093750
2 0.339683 0.355469 0.055556 0.095703
1 0.330159 0.894531 0.036508 0.033203
1 0.368651 0.719727 0.011905 0.023438
1 0.419048 0.175293 0.036508 0.041992
1 0.523810 0.343750 0.077778 0.111328
2 0.534127 0.500977 0.079365 0.070312
1 0.601587 0.730469 0.030159 0.013672
2 0.634127 0.624023 0.092063 0.117188
0 0.685714 0.510742 0.033333 0.132812
2 0.725397 0.828125 0.080952 0.138672
1 0.702778 0.766602 0.011905 0.023438
0 0.849206 0.429688 0.023810 0.033203
2 0.906349 0.486328 0.033333 0.208984
1 0.945238 0.076172 0.015873 0.029297
