0 0.039583 0.225926 0.026042 0.009259
0 0.075521 0.587963 0.037500 0.022222
2 0.071094 0.626852 0.024479 0.062963
0 0.144792 0.781481 0.015625 0.031481
0 0.154688 0.324074 0.008333 0.031481
2 0.244792 0.803704 0.151042 0.198148
1 0.225781 0.376852 0.010937 0.007407
0 0.347396 0.085185 0.045833 0.020370
2 0.405469 0.271296 0.034896 0.062963
0 0.448437 0.475926 0.018750 0.016667
2 0.533854 0.427778 0.093750 0.138889
0 0.511979 0.346759 0.022917 0.023148
2 0.514583 0.766667 0.017708 0.046296
2 0.592708 0.038889 0.023958 0.050000
0 0.842708 0.482407 0.023958 0.011111
0 0.934635 0.750926 0.028646 0.007407
0 0.971354 0.109259 0.020833 0.009259
