0 0.022396 0.414815 0.020833 0.009259
0 0.032813 0.665741 0.041667 0.018519
2 0.070312 0.212037 0.022917 0.059259
2 0.265104 0.454630 0.168750 0.222222
0 0.232292 0.235185 0.026042 0.012963
0 0.354427 0.642593 0.022396 0.005556
2 0.439063 0.035185 0.060417 0.031481
1 0.437500 0.587037 0.005208 0.016667
0 0.483854 0.703704 0.018750 0.009259
2 0.537500 0.722222 0.032292 0.094444
0 0.555729 0.409259 0.018750 0.005556
0 0.583854 0.439815 0.043750 0.011111
0 0.676562 0.323148 0.037500 0.018519
2 0.746354 0.446296 0.043750 0.087037
2 0.772396 0.795370 0.022917 0.055556
0 0.943229 0.346296 0.022917 0.046296
