1 0.054688 0.507407 0.006250 0.009259
0 0.056771 0.014815 0.022917 0.005556
0 0.143750 0.958333 0.036458 0.022222
1 0.151562 0.549074 0.012500 0.011111
1 0.396875 0.259259 0.013542 0.005556
2 0.489583 0.307407 0.080208 0.046296
2 0.474479 0.517593 0.027083 0.103704
1 0.563542 0.190741 0.009375 0.012963
1 0.607812 0.416667 0.006250 0.009259
0 0.677083 0.263889 0.034375 0.029630
2 0.774479 0.226852 0.089583 0.137037
0 0.805990 0.219444 0.033854 0.018519
0 0.809375 0.369444 0.032292 0.014815
2 0.943750 0.406481 0.063542 0.066667
