1 0.016146 0.878704 0.012500 0.033333
2 0.105208 0.149074 0.063542 0.062963
0 0.102604 0.537037 0.050000 0.035185
2 0.442708 0.477778 0.719792 0.431481
1 0.129688 0.557407 0.006250 0.020370
2 0.181250 0.042593 0.101042 0.083333
2 0.539062 0.638889 0.812500 0.461111
2 0.254167 0.654630 0.236458 0.355556
0 0.187500 0.326852 0.007292 0.011111
0 0.223958 0.912037 0.032292 0.022222
0 0.308854 0.064815 0.077083 0.012963
2 0.403125 0.659259 0.071875 0.068519
0 0.690625 0.796296 0.032292 0.016667
0 0.755729 0.326852 0.022917 0.044444
2 0.779167 0.318519 0.042708 0.046296
2 0.857292 0.082407 0.107292 0.055556
0 0.963281 0.908796 0.008854 0.013889
