0 0.034127 0.030273 0.015873 0.027344
2 0.061111 0.719727 0.053968 0.031250
2 0.073413 0.183594 0.053175 0.048828
0 0.073016 0.942383 0.014286 0.093750
0 0.279365 0.255859 0.077778 0.048828
1 0.296032 0.439453 0.012698 0.021484
1 0.345238 0.172852 0.015873 0.007812
0 0.404762 0.361328 0.036508 0.044922
1 0.392857 0.828125 0.012698 0.013672
0 0.541270 0.089844 0.026984 0.025391
2 0.720635 0.082031 0.080952 0.080078
2 0.708730 0.864258 0.047619 0.125000
1 0.760317 0.319336 0.023810 0.023438
0 0.757937 0.654297 0.012698 0.029297
0 0.783333 0.769531 0.057143 0.103516
2 0.793651 0.145508 0.055556 0.062500
