0 0.045635 0.158203 0.067460 0.052734
1 0.033730 0.202148 0.015079 0.027344
0 0.058730 0.802734 0.049206 0.076172
2 0.096825 0.274414 0.052381 0.152344
2 0.225397 0.795898 0.042857 0.117188
2 0.301984 0.302734 0.091270 0.138672
0 0.329762 0.553711 0.100794 0.082031
0 0.461111 0.632812 0.022222 0.033203
2 0.494444 0.640625 0.088889 0.099609
0 0.492063 0.689453 0.026984 0.033203
1 0.614286 0.747070 0.042857 0.023438
2 0.776190 0.521484 0.096825 0.126953
2 0.769048 0.786133 0.079365 0.113281
1 0.737302 0.697266 0.012698 0.033203
2 0.811111 0.834961 0.080952 0.128906
0 0.850000 0.249023 0.038095 0.039062
1 0.959524 0.944336 0.012698 0.011719
