2 0.112698 0.610352 0.049206 0.050781
0 0.136111 0.844727 0.016667 0.023438
2 0.179365 0.784180 0.052381 0.093750
0 0.217460 0.296875 0.014286 0.025391
2 0.456349 0.728516 0.123810 0.044922
0 0.455556 0.424805 0.020635 0.015625
2 0.615079 0.501953 0.057143 0.111328
1 0.673810 0.051758 0.019048 0.011719
1 0.743651 0.789062 0.133333 0.138672
0 0.772222 0.519531 0.009524 0.041016
0 0.800397 0.166016 0.030952 0.033203
1 0.806349 0.712891 0.020635 0.021484
0 0.896825 0.093750 0.033333 0.044922
1 0.952381 0.846680 0.023810 0.023438
