0 0.177778 0.552734 0.039683 0.029297
1 0.215873 0.852539 0.020635 0.019531
2 0.234921 0.784180 0.036508 0.128906
2 0.327778 0.477539 0.174603 0.234375
0 0.294444 0.398438 0.025397 0.029297
2 0.442063 0.068359 0.142857 0.072266
0 0.453175 0.551758 0.041270 0.015625
2 0.496032 0.403320 0.079365 0.039062
0 0.504365 0.823242 0.048413 0.027344
1 0.605556 0.024414 0.022222 0.019531
1 0.797619 0.292969 0.025397 0.029297
2 0.868651 0.299805 0.091270 0.082031
1 0.861111 0.185547 0.022222 0.033203
0 0.953968 0.041504 0.046032 0.032227
