2 0.098413 0.404297 0.055556 0.158203
0 0.262302 0.890625 0.024603 0.044922
2 0.310317 0.306641 0.060317 0.068359
0 0.296825 0.059570 0.026984 0.023438
0 0.320635 0.533691 0.068254 0.032227
2 0.409524 0.579102 0.058730 0.039062
0 0.528571 0.769531 0.042857 0.056641
0 0.602381 0.848633 0.009524 0.058594
0 0.719048 0.322266 0.030159 0.037109
2 0.766667 0.660156 0.049206 0.154297
0 0.786508 0.017578 0.012698 0.021484
2 0.861111 0.189453 0.149206 0.076172
1 0.858730 0.432617 0.014286 0.011719
0 0.901587 0.053711 0.046032 0.062500
0 0.958730 0.019531 0.074603 0.029297
