2 0.145313 0.338889 0.060417 0.031481
0 0.179688 0.980556 0.029167 0.007407
2 0.298958 0.837037 0.057292 0.061111
0 0.323958 0.542593 0.007292 0.027778
0 0.334115 0.908333 0.025521 0.007407
0 0.381771 0.724074 0.041667 0.012963
0 0.386198 0.951852 0.017188 0.009259
0 0.396354 0.962963 0.010417 0.053704
2 0.583333 0.421296 0.311458 0.522222
0 0.461979 0.744444 0.014583 0.012963
0 0.502083 0.479167 0.007292 0.010185
2 0.656771 0.525000 0.102083 0.133333
1 0.617708 0.955556 0.009375 0.020370
0 0.632292 0.210185 0.032292 0.029630
2 0.638021 0.682407 0.033333 0.129630
1 0.691406 0.557407 0.015104 0.005556
2 0.766406 0.254630 0.017188 0.051852
2 0.931250 0.382407 0.055208 0.088889
