1 0.049603 0.598633 0.010317 0.039062
2 0.126984 0.339844 0.061905 0.025391
0 0.137302 0.796875 0.038095 0.029297
0 0.161111 0.815430 0.047619 0.039062
2 0.296825 0.196289 0.084127 0.046875
2 0.560317 0.524902 0.049206 0.022461
2 0.759524 0.154297 0.330159 0.201172
1 0.639683 0.027344 0.014286 0.013672
1 0.665873 0.583984 0.012698 0.013672
0 0.669048 0.551758 0.006349 0.019531
0 0.681746 0.972656 0.019048 0.021484
2 0.736905 0.262695 0.057937 0.136719
0 0.882540 0.455078 0.065079 0.087891
2 0.945238 0.535156 0.047619 0.080078
