2 0.214323 0.566667 0.041146 0.087037
0 0.313021 0.732870 0.029167 0.032407
2 0.348958 0.175000 0.019792 0.051852
2 0.677083 0.201852 0.632292 0.379630
2 0.434896 0.220370 0.147917 0.194444
2 0.425521 0.335185 0.064583 0.050000
2 0.481250 0.188889 0.171875 0.168519
2 0.435937 0.451852 0.064583 0.205556
0 0.439063 0.921296 0.035417 0.014815
2 0.519271 0.873148 0.108333 0.081481
0 0.497917 0.796296 0.034375 0.012963
0 0.532813 0.797685 0.025000 0.025000
0 0.532813 0.134259 0.016667 0.040741
2 0.585156 0.104630 0.066146 0.174074
2 0.791146 0.795370 0.054167 0.040741
2 0.805469 0.663889 0.025521 0.033333
