0 0.092063 0.051758 0.030159 0.054688
1 0.107937 0.178711 0.014286 0.023438
1 0.147222 0.469727 0.023016 0.031250
2 0.205556 0.422852 0.060317 0.156250
2 0.265079 0.776367 0.087302 0.070312
0 0.438889 0.545898 0.025397 0.097656
2 0.475397 0.477539 0.092063 0.089844
0 0.488095 0.545898 0.050794 0.066406
0 0.499206 0.214844 0.066667 0.025391
1 0.610317 0.874023 0.012698 0.011719
1 0.696825 0.475586 0.017460 0.019531
2 0.755556 0.860352 0.049206 0.058594
2 0.887698 0.286133 0.061111 0.042969
0 0.925397 0.873047 0.084127 0.169922
