2 0.013281 0.617593 0.019271 0.059259
2 0.058854 0.225000 0.066667 0.111111
1 0.127083 0.957407 0.007292 0.012963
0 0.311979 0.193056 0.031250 0.012037
2 0.322917 0.570370 0.042708 0.083333
2 0.325000 0.855556 0.017708 0.046296
2 0.347917 0.483333 0.051042 0.083333
1 0.386458 0.302778 0.005208 0.018519
2 0.407813 0.512963 0.041667 0.087037
0 0.474479 0.918519 0.029167 0.057407
2 0.538542 0.743519 0.119792 0.062963
0 0.584375 0.878704 0.028125 0.014815
2 0.861458 0.887963 0.096875 0.144444
1 0.828125 0.451852 0.009375 0.016667
0 0.959375 0.796296 0.021875 0.005556
2 0.975000 0.646296 0.023958 0.057407
0 0.985677 0.579630 0.009896 0.031481
