0 0.070635 0.500977 0.066667 0.039062
2 0.235714 0.536133 0.063492 0.152344
0 0.234127 0.739258 0.047619 0.039062
1 0.232540 0.537109 0.006349 0.021484
0 0.257143 0.416016 0.017460 0.021484
2 0.319841 0.406250 0.117460 0.083984
1 0.283333 0.810547 0.015873 0.017578
1 0.301587 0.757812 0.033333 0.013672
0 0.357143 0.500977 0.033333 0.062500
2 0.395238 0.616211 0.080952 0.082031
2 0.479365 0.249023 0.207937 0.195312
0 0.479365 0.089844 0.058730 0.166016
2 0.574603 0.048828 0.046032 0.048828
0 0.707937 0.931641 0.023810 0.048828
2 0.753968 0.101562 0.106349 0.099609
2 0.754762 0.774414 0.066667 0.125000
0 0.747619 0.320312 0.034921 0.056641
2 0.824603 0.143555 0.114286 0.109375
0 0.798016 0.365234 0.046825 0.025391
