2 0.092063 0.068359 0.087302 0.064453
0 0.083333 0.711914 0.022222 0.085938
2 0.212698 0.422852 0.258730 0.644531
2 0.188095 0.170898 0.050794 0.089844
2 0.200397 0.676758 0.062698 0.074219
0 0.253175 0.041992 0.022222 0.046875
1 0.280952 0.807617 0.017460 0.031250
1 0.311905 0.503906 0.015873 0.041016
0 0.396032 0.391602 0.069841 0.042969
2 0.468254 0.564453 0.090476 0.177734
1 0.554365 0.763672 0.088095 0.087891
1 0.577381 0.561523 0.026190 0.007812
0 0.590476 0.376953 0.039683 0.037109
1 0.603571 0.039062 0.035714 0.052734
2 0.623016 0.767578 0.050794 0.080078
1 0.649603 0.564453 0.034127 0.060547
1 0.698413 0.869141 0.011111 0.021484
0 0.723016 0.931641 0.041270 0.060547
1 0.908730 0.719727 0.022222 0.050781
