2 0.055729 0.860185 0.100000 0.074074
0 0.177604 0.529630 0.029167 0.057407
2 0.241927 0.592593 0.088021 0.046296
0 0.335417 0.929630 0.017708 0.050000
0 0.361458 0.608796 0.034375 0.013889
2 0.368490 0.754630 0.015104 0.040741
2 0.423438 0.272222 0.068750 0.105556
2 0.432292 0.761111 0.019792 0.075926
0 0.469271 0.366667 0.031250 0.020370
2 0.584375 0.230556 0.053125 0.048148
0 0.614062 0.066667 0.022917 0.009259
0 0.805208 0.782870 0.034375 0.013889
0 0.810417 0.662963 0.013542 0.012963
0 0.833333 0.576852 0.011458 0.011111
0 0.973958 0.219444 0.017708 0.033333
