0 0.024603 0.686523 0.031746 0.035156
1 0.034127 0.543945 0.012698 0.015625
0 0.069048 0.251953 0.053968 0.111328
1 0.108730 0.604492 0.009524 0.011719
0 0.184921 0.046875 0.028571 0.076172
2 0.288889 0.455078 0.036508 0.056641
2 0.340873 0.771484 0.099206 0.064453
2 0.342063 0.576172 0.053968 0.064453
0 0.423810 0.787109 0.030159 0.013672
0 0.477778 0.837891 0.026984 0.017578
2 0.589683 0.448242 0.050794 0.160156
0 0.575794 0.250000 0.018254 0.052734
2 0.702381 0.369141 0.215873 0.248047
2 0.683333 0.567383 0.161905 0.207031
1 0.710317 0.500977 0.044444 0.050781
0 0.849206 0.869629 0.061905 0.055664
1 0.928571 0.020508 0.007937 0.011719
1 0.944444 0.450195 0.011111 0.078125
