2 0.103385 0.691667 0.028646 0.085185
0 0.147396 0.255556 0.025000 0.012963
2 0.160417 0.200000 0.038542 0.053704
0 0.246354 0.487037 0.056250 0.009259
2 0.272917 0.285185 0.071875 0.079630
0 0.356771 0.201852 0.039583 0.020370
2 0.366406 0.914815 0.035937 0.064815
2 0.416406 0.597222 0.028646 0.062963
2 0.613802 0.822222 0.122396 0.161111
0 0.719271 0.966667 0.029167 0.005556
0 0.725521 0.507407 0.020833 0.009259
0 0.854167 0.738889 0.059375 0.024074
2 0.956250 0.150926 0.038542 0.055556
0 0.979427 0.450926 0.017188 0.096296
