2 0.049206 0.396484 0.058730 0.029297
0 0.135714 0.426758 0.053968 0.085938
2 0.143651 0.893555 0.063492 0.066406
0 0.180159 0.380859 0.073016 0.126953
0 0.181746 0.191406 0.028571 0.029297
0 0.273016 0.104492 0.020635 0.023438
0 0.364286 0.579102 0.034921 0.046875
2 0.521429 0.259766 0.196825 0.138672
1 0.460317 0.400391 0.017460 0.017578
1 0.462698 0.719727 0.009524 0.011719
1 0.592857 0.848633 0.031746 0.039062
1 0.700794 0.859375 0.019048 0.056641
1 0.761111 0.799805 0.025397 0.023438
0 0.838095 0.324219 0.084127 0.115234
1 0.953968 0.650391 0.020635 0.009766
1 0.979365 0.822266 0.020635 0.009766
