0 0.111111 0.115234 0.017460 0.033203
2 0.169841 0.376953 0.128571 0.232422
1 0.130556 0.947266 0.040476 0.048828
2 0.509524 0.361328 0.534921 0.314453
2 0.296825 0.836914 0.087302 0.085938
0 0.284921 0.533203 0.022222 0.037109
1 0.365873 0.738281 0.031746 0.017578
2 0.511905 0.184570 0.050794 0.058594
2 0.581746 0.750000 0.187302 0.443359
2 0.807143 0.126953 0.117460 0.130859
0 0.770635 0.806641 0.019048 0.021484
1 0.834127 0.128906 0.012698 0.095703
1 0.858730 0.974609 0.011111 0.017578
0 0.919048 0.571289 0.042857 0.097656
