2 0.056349 0.901367 0.060317 0.031250
2 0.127778 0.688477 0.047619 0.136719
1 0.125397 0.163086 0.011111 0.015625
0 0.203175 0.181641 0.052381 0.134766
2 0.446825 0.724609 0.263492 0.333984
2 0.369048 0.601562 0.095238 0.107422
2 0.381349 0.465820 0.096032 0.042969
0 0.447619 0.088867 0.077778 0.039062
0 0.423810 0.972656 0.030159 0.017578
0 0.487302 0.351562 0.039683 0.095703
2 0.538095 0.326172 0.046032 0.076172
0 0.673016 0.827148 0.055556 0.054688
2 0.784921 0.356445 0.215873 0.179688
0 0.785714 0.783203 0.042857 0.044922
0 0.818254 0.134766 0.041270 0.091797
0 0.823016 0.929688 0.057143 0.044922
1 0.940476 0.910156 0.044444 0.099609
