0 0.190476 0.334961 0.080952 0.035156
0 0.213492 0.455078 0.053968 0.044922
1 0.285317 0.494141 0.013492 0.029297
1 0.301587 0.437500 0.017460 0.013672
1 0.326984 0.756836 0.030159 0.070312
1 0.331349 0.422852 0.010317 0.007812
0 0.378175 0.750000 0.062698 0.041016
0 0.453968 0.759766 0.080952 0.060547
2 0.450794 0.655273 0.036508 0.101562
2 0.475397 0.457031 0.057143 0.080078
2 0.769048 0.576172 0.241270 0.259766
1 0.680952 0.408203 0.030159 0.013672
0 0.746825 0.567383 0.019048 0.031250
2 0.804762 0.546875 0.042857 0.123047
1 0.808730 0.891602 0.019048 0.015625
