0 0.040873 0.240234 0.038889 0.048828
2 0.166667 0.413086 0.125397 0.074219
0 0.173016 0.733398 0.049206 0.062500
1 0.243254 0.933594 0.018254 0.013672
1 0.246825 0.541992 0.009524 0.015625
2 0.298413 0.510742 0.084127 0.164062
1 0.296032 0.395508 0.015873 0.015625
1 0.325397 0.905273 0.030159 0.027344
2 0.417460 0.632812 0.211111 0.177734
1 0.354762 0.155273 0.019048 0.039062
1 0.373810 0.860352 0.025397 0.007812
2 0.419048 0.752930 0.052381 0.050781
0 0.542857 0.902344 0.017460 0.056641
1 0.648413 0.061035 0.019048 0.012695
0 0.674603 0.532227 0.017460 0.015625
2 0.794048 0.280273 0.054762 0.132812
1 0.848413 0.372070 0.019048 0.027344
0 0.927381 0.065430 0.100794 0.027344
0 0.968254 0.510742 0.039683 0.039062
