0 0.031746 0.927734 0.030159 0.025391
1 0.090476 0.220703 0.055556 0.064453
2 0.144444 0.841797 0.179365 0.162109
2 0.092063 0.180664 0.065079 0.117188
2 0.406349 0.566406 0.458730 0.279297
0 0.220238 0.319336 0.032540 0.101562
0 0.228571 0.538086 0.036508 0.031250
0 0.242063 0.351562 0.044444 0.029297
0 0.326984 0.251953 0.023810 0.017578
2 0.369048 0.209961 0.069841 0.171875
2 0.515079 0.368164 0.330159 0.296875
2 0.527778 0.477539 0.133333 0.136719
2 0.666667 0.363281 0.373016 0.505859
0 0.496032 0.395020 0.025397 0.024414
0 0.684127 0.265625 0.049206 0.041016
2 0.835714 0.378906 0.073016 0.056641
