1 0.178571 0.422852 0.012698 0.019531
0 0.223016 0.440430 0.047619 0.035156
0 0.317460 0.145020 0.026984 0.012695
2 0.411111 0.861328 0.100000 0.119141
2 0.476190 0.838867 0.109524 0.191406
1 0.427778 0.339844 0.015873 0.017578
0 0.537302 0.771484 0.060317 0.048828
2 0.557937 0.293945 0.076190 0.097656
0 0.546032 0.357910 0.052381 0.028320
1 0.655556 0.189453 0.017460 0.044922
1 0.801587 0.369141 0.011111 0.017578
0 0.873810 0.226562 0.053968 0.056641
2 0.884127 0.730469 0.052381 0.029297
1 0.874603 0.049805 0.026984 0.015625
0 0.894444 0.123047 0.022222 0.021484
0 0.920635 0.345703 0.055556 0.044922
