0 0.152604 0.170370 0.031250 0.016667
2 0.169531 0.589815 0.063021 0.033333
0 0.217188 0.862963 0.031250 0.016667
2 0.270313 0.908333 0.027083 0.077778
2 0.363021 0.609259 0.135417 0.072222
2 0.410938 0.851852 0.093750 0.138889
2 0.447396 0.739815 0.031250 0.081481
0 0.540104 0.684259 0.047917 0.022222
1 0.554167 0.209259 0.013542 0.009259
0 0.569271 0.664815 0.008333 0.012963
2 0.606250 0.213889 0.040625 0.151852
2 0.692187 0.604630 0.066667 0.066667
1 0.720833 0.102778 0.009375 0.007407
0 0.912500 0.730556 0.044792 0.029630
