2 0.165079 0.687500 0.258730 0.400391
0 0.071429 0.269531 0.052381 0.021484
2 0.187302 0.266602 0.173016 0.101562
2 0.283333 0.878906 0.098413 0.068359
0 0.311905 0.679688 0.079365 0.052734
0 0.300397 0.926758 0.043651 0.035156
2 0.321429 0.279297 0.076190 0.087891
0 0.401587 0.418945 0.039683 0.074219
2 0.593651 0.424805 0.138095 0.218750
0 0.690476 0.886719 0.014286 0.005859
0 0.716667 0.101074 0.041270 0.030273
0 0.788095 0.235352 0.082540 0.117188
2 0.806349 0.363281 0.119048 0.240234
0 0.821429 0.597656 0.015873 0.021484
2 0.969841 0.867188 0.026984 0.048828
