2 0.021094 0.777778 0.024479 0.094444
0 0.095312 0.611111 0.045833 0.020370
2 0.293750 0.454630 0.203125 0.266667
2 0.241146 0.184259 0.066667 0.070370
2 0.345313 0.368519 0.106250 0.079630
2 0.628646 0.306481 0.652083 0.392593
2 0.415104 0.878704 0.027083 0.074074
0 0.412240 0.786574 0.008854 0.013889
0 0.655208 0.618519 0.034375 0.020370
0 0.750000 0.406481 0.036458 0.022222
2 0.745313 0.863889 0.018750 0.055556
2 0.756771 0.550926 0.029167 0.107407
2 0.863021 0.732407 0.077083 0.125926
0 0.863542 0.335185 0.032292 0.016667
2 0.949740 0.500000 0.027604 0.050000
