0 0.042188 0.880556 0.027083 0.014815
2 0.181250 0.542593 0.223958 0.375926
1 0.095312 0.756481 0.008333 0.025926
1 0.230208 0.661111 0.007292 0.009259
0 0.307812 0.319444 0.079167 0.014815
1 0.275000 0.435185 0.005208 0.020370
0 0.354167 0.116204 0.034375 0.013889
2 0.380208 0.387963 0.055208 0.192593
1 0.490625 0.562963 0.023958 0.009259
2 0.563021 0.175000 0.058333 0.051852
0 0.704167 0.230556 0.051042 0.033333
1 0.771615 0.382407 0.010937 0.007407
0 0.862500 0.600000 0.042708 0.012963
0 0.962500 0.975926 0.030208 0.016667
