2 0.095635 0.847656 0.110317 0.158203
1 0.160317 0.308594 0.011111 0.013672
0 0.218254 0.201172 0.023810 0.048828
0 0.303175 0.902344 0.049206 0.060547
0 0.351587 0.287109 0.047619 0.060547
2 0.404762 0.683594 0.103175 0.169922
0 0.423016 0.216797 0.082540 0.033203
2 0.400397 0.487305 0.019841 0.042969
2 0.509524 0.433594 0.042857 0.033203
2 0.689683 0.261719 0.180952 0.212891
0 0.645238 0.333984 0.015873 0.052734
0 0.655952 0.583008 0.019841 0.023438
2 0.700794 0.854492 0.073016 0.230469
2 0.746825 0.732422 0.044444 0.177734
2 0.775397 0.918945 0.031746 0.066406
2 0.866667 0.435547 0.071429 0.146484
0 0.934127 0.134766 0.088889 0.091797
0 0.939683 0.848633 0.074603 0.031250
1 0.970635 0.711914 0.022222 0.027344
