2 0.421875 0.686111 0.842708 0.507407
1 0.083854 0.467593 0.027083 0.007407
2 0.288021 0.661111 0.291667 0.283333
2 0.412500 0.521296 0.505208 0.303704
2 0.340104 0.411111 0.068750 0.068519
2 0.319271 0.359259 0.020833 0.050000
0 0.343750 0.213889 0.034375 0.014815
0 0.430208 0.186111 0.032292 0.018519
2 0.462500 0.110185 0.034375 0.059259
0 0.465104 0.167593 0.012500 0.066667
2 0.530729 0.604630 0.100000 0.055556
0 0.552865 0.158333 0.004687 0.022222
0 0.697917 0.818519 0.048958 0.031481
2 0.835417 0.072222 0.130208 0.068519
2 0.805729 0.879630 0.058333 0.053704
1 0.787240 0.348148 0.008854 0.005556
2 0.967708 0.487037 0.019792 0.050000
