2 0.091406 0.191667 0.021354 0.037037
2 0.095573 0.606481 0.026562 0.055556
0 0.140625 0.200926 0.080208 0.014815
2 0.201042 0.627778 0.182292 0.238889
2 0.352083 0.812037 0.059375 0.059259
2 0.367188 0.318519 0.054167 0.087037
0 0.355729 0.131481 0.025000 0.009259
1 0.448177 0.851852 0.005729 0.009259
2 0.478385 0.107407 0.039062 0.035185
0 0.577604 0.390741 0.012500 0.031481
1 0.694792 0.758333 0.009375 0.007407
0 0.811458 0.213889 0.028125 0.014815
0 0.844271 0.941667 0.039583 0.044444
2 0.913802 0.950000 0.088021 0.046296
