1 0.071429 0.282227 0.007937 0.011719
1 0.084921 0.905273 0.015873 0.019531
1 0.192063 0.110352 0.007937 0.015625
0 0.217460 0.377930 0.058730 0.078125
1 0.360317 0.300781 0.014286 0.021484
1 0.460317 0.518555 0.017460 0.015625
1 0.488095 0.572266 0.015873 0.021484
1 0.576984 0.715820 0.025397 0.027344
1 0.628571 0.391602 0.014286 0.015625
2 0.772222 0.137695 0.073016 0.078125
1 0.755556 0.275391 0.011111 0.099609
1 0.769841 0.867188 0.020635 0.021484
0 0.786508 0.824219 0.041270 0.099609
0 0.817857 0.555664 0.021429 0.074219
