2 0.104688 0.820370 0.068750 0.105556
0 0.219271 0.259259 0.010417 0.068519
2 0.275521 0.871296 0.072917 0.074074
1 0.292187 0.821296 0.004167 0.014815
2 0.381250 0.299074 0.040625 0.037037
1 0.446615 0.994444 0.015104 0.005556
1 0.483594 0.650926 0.011979 0.007407
0 0.509375 0.905556 0.028125 0.027778
0 0.515625 0.647222 0.019792 0.040741
2 0.647396 0.720370 0.077083 0.046296
0 0.741146 0.905556 0.033333 0.020370
2 0.876563 0.250926 0.193750 0.325926
0 0.823438 0.039352 0.025000 0.026852
0 0.914062 0.747222 0.035417 0.044444
