2 0.493229 0.712963 0.758333 0.457407
1 0.178646 0.155556 0.004167 0.016667
1 0.213281 0.467593 0.010937 0.007407
0 0.286458 0.544444 0.028125 0.027778
0 0.294792 0.820370 0.023958 0.009259
2 0.343750 0.837037 0.055208 0.042593
2 0.632292 0.228704 0.332292 0.322222
2 0.533854 0.056481 0.066667 0.059259
0 0.568750 0.865741 0.034375 0.044444
0 0.568229 0.378704 0.012500 0.062963
0 0.579167 0.617593 0.032292 0.022222
1 0.640104 0.930556 0.012500 0.011111
2 0.753646 0.119444 0.185417 0.155556
2 0.760938 0.070370 0.133333 0.038889
