0 0.065079 0.289062 0.061905 0.048828
2 0.391270 0.342773 0.552381 0.468750
2 0.342063 0.614258 0.149206 0.101562
1 0.289683 0.444336 0.025397 0.015625
1 0.289683 0.463867 0.025397 0.035156
2 0.337302 0.050781 0.073016 0.095703
0 0.345238 0.437012 0.060317 0.061523
0 0.389683 0.449219 0.028571 0.041016
2 0.553968 0.566406 0.312698 0.314453
0 0.584127 0.623047 0.042857 0.037109
1 0.680159 0.655273 0.009524 0.011719
2 0.696429 0.685547 0.027778 0.056641
2 0.737302 0.658203 0.107937 0.087891
2 0.755556 0.399414 0.112698 0.062500
0 0.727778 0.181641 0.041270 0.029297
2 0.803175 0.762695 0.157143 0.121094
0 0.753571 0.162109 0.053175 0.111328
1 0.815873 0.976562 0.017460 0.017578
0 0.838095 0.711914 0.014286 0.011719
0 0.890873 0.459961 0.051587 0.082031
