0 0.022396 0.437963 0.014583 0.040741
0 0.052865 0.889815 0.014063 0.077778
2 0.114062 0.925000 0.056250 0.111111
2 0.169792 0.450926 0.046875 0.125926
0 0.187500 0.768981 0.030208 0.034259
0 0.252604 0.845370 0.041667 0.007407
2 0.294271 0.475000 0.102083 0.151852
2 0.422917 0.342593 0.040625 0.057407
1 0.500260 0.231481 0.018229 0.005556
2 0.790104 0.304630 0.083333 0.085185
2 0.826823 0.181481 0.027604 0.083333
0 0.848958 0.950926 0.030208 0.014815
1 0.922396 0.748148 0.006250 0.009259
1 0.982552 0.056481 0.005729 0.011111
