0 0.066667 0.105556 0.034375 0.020370
2 0.218229 0.597222 0.037500 0.140741
1 0.232813 0.039815 0.012500 0.018519
0 0.342969 0.047222 0.023438 0.029630
0 0.360417 0.937963 0.019792 0.040741
0 0.418229 0.278704 0.016667 0.051852
2 0.483333 0.537037 0.032292 0.094444
1 0.571875 0.755556 0.007292 0.005556
0 0.583854 0.778241 0.031250 0.012037
2 0.692187 0.392593 0.027083 0.075926
2 0.848958 0.597222 0.203125 0.196296
1 0.775521 0.681481 0.006250 0.009259
1 0.876042 0.150000 0.011458 0.024074
2 0.891146 0.710185 0.033333 0.070370
