1 0.047619 0.780273 0.017460 0.031250
1 0.141270 0.526367 0.011111 0.019531
2 0.296825 0.811523 0.071429 0.132812
2 0.361111 0.620117 0.034921 0.160156
2 0.378571 0.515625 0.050794 0.021484
0 0.398413 0.563477 0.068254 0.050781
2 0.419841 0.697266 0.060317 0.041016
0 0.500000 0.554688 0.068254 0.029297
0 0.495238 0.612305 0.014286 0.039062
2 0.647619 0.554688 0.211111 0.287109
2 0.721429 0.728516 0.069841 0.044922
1 0.719048 0.034668 0.014286 0.006836
2 0.788889 0.861328 0.150794 0.142578
2 0.793651 0.408203 0.084127 0.091797
1 0.873413 0.764648 0.062698 0.089844
0 0.857937 0.684570 0.079365 0.121094
2 0.875397 0.447266 0.073016 0.173828
