0 0.011458 0.611111 0.007292 0.027778
1 0.013021 0.939815 0.008333 0.007407
0 0.076302 0.099074 0.026562 0.007407
2 0.102865 0.262963 0.061979 0.168519
0 0.204948 0.375463 0.008854 0.013889
2 0.508333 0.829630 0.536458 0.320370
0 0.275000 0.890741 0.007292 0.031481
2 0.341146 0.333333 0.054167 0.142593
2 0.485417 0.047222 0.078125 0.081481
0 0.579688 0.140741 0.012500 0.020370
0 0.686979 0.335185 0.031250 0.012963
2 0.852083 0.164815 0.059375 0.116667
0 0.844792 0.712037 0.032292 0.018519
0 0.845313 0.522222 0.014583 0.012963
2 0.895833 0.424074 0.071875 0.064815
1 0.897917 0.979630 0.019792 0.005556
