0 0.015104 0.024074 0.020833 0.009259
2 0.182292 0.755556 0.353125 0.342593
2 0.221875 0.116667 0.067708 0.061111
1 0.269010 0.127778 0.018229 0.005556
2 0.364844 0.169444 0.055729 0.029630
2 0.360677 0.422222 0.034896 0.031481
0 0.568750 0.704630 0.019792 0.037037
2 0.633333 0.495370 0.032292 0.092593
0 0.632812 0.944444 0.010417 0.031481
2 0.653125 0.097222 0.023958 0.059259
2 0.702604 0.650926 0.056250 0.111111
1 0.689063 0.135185 0.006250 0.020370
2 0.788542 0.683333 0.165625 0.231481
2 0.806250 0.077778 0.059375 0.116667
0 0.929167 0.876852 0.042708 0.018519
2 0.933073 0.489815 0.023438 0.092593
