2 0.073016 0.820312 0.065079 0.064453
1 0.126984 0.196289 0.014286 0.019531
1 0.138095 0.046875 0.011111 0.013672
1 0.172222 0.979492 0.006349 0.019531
0 0.240476 0.388672 0.053968 0.111328
0 0.244444 0.748047 0.052381 0.052734
0 0.246032 0.309570 0.049206 0.050781
1 0.276587 0.930664 0.024603 0.027344
0 0.512698 0.471680 0.033333 0.042969
1 0.582540 0.740234 0.014286 0.017578
2 0.642063 0.428711 0.082540 0.171875
2 0.668254 0.311523 0.119048 0.226562
1 0.702381 0.397461 0.022222 0.023438
1 0.712302 0.644531 0.019841 0.052734
1 0.771032 0.089844 0.018254 0.033203
2 0.794444 0.590820 0.057143 0.113281
0 0.785714 0.815430 0.017460 0.039062
1 0.829365 0.673828 0.022222 0.025391
1 0.877778 0.289062 0.007937 0.021484
1 0.967460 0.613281 0.022222 0.017578
