0 0.099479 0.075926 0.018750 0.009259
0 0.107813 0.288889 0.010417 0.053704
0 0.171354 0.900000 0.006250 0.024074
0 0.185938 0.362037 0.033333 0.018519
2 0.209375 0.885185 0.019792 0.075926
1 0.323958 0.015741 0.009375 0.014815
2 0.342187 0.311111 0.039583 0.057407
2 0.390625 0.371296 0.023958 0.074074
2 0.440104 0.880556 0.041667 0.088889
2 0.570312 0.838889 0.281250 0.272222
0 0.614583 0.188889 0.019792 0.057407
2 0.630729 0.928704 0.016667 0.025926
0 0.765104 0.766667 0.033333 0.031481
2 0.832292 0.488889 0.053125 0.046296
