1 0.051190 0.723633 0.030952 0.011719
2 0.146825 0.385742 0.092063 0.144531
2 0.302381 0.740234 0.269841 0.412109
2 0.201587 0.130859 0.052381 0.021484
1 0.234127 0.073242 0.012698 0.011719
2 0.277778 0.901367 0.049206 0.050781
1 0.297619 0.623047 0.041270 0.068359
2 0.430159 0.223633 0.134921 0.097656
0 0.492857 0.604492 0.053968 0.132812
0 0.535714 0.095703 0.063492 0.044922
2 0.557937 0.414062 0.069841 0.306641
1 0.700000 0.182617 0.017460 0.019531
1 0.773016 0.259766 0.014286 0.009766
1 0.886111 0.818359 0.011905 0.037109
0 0.916270 0.478516 0.029365 0.119141
