2 0.359524 0.430664 0.561905 0.421875
0 0.157937 0.761719 0.044444 0.029297
2 0.211905 0.674805 0.098413 0.250000
0 0.185714 0.939453 0.017460 0.029297
1 0.280952 0.562500 0.026984 0.021484
2 0.430952 0.445312 0.225397 0.216797
0 0.463492 0.270508 0.077778 0.101562
2 0.479365 0.728516 0.033333 0.052734
1 0.516667 0.349609 0.025397 0.052734
0 0.540476 0.433594 0.019048 0.052734
2 0.729365 0.291016 0.031746 0.068359
2 0.784127 0.057617 0.058730 0.054688
2 0.786508 0.874023 0.057143 0.085938
0 0.908730 0.271484 0.038095 0.072266
1 0.911905 0.829102 0.019048 0.011719
1 0.950794 0.168945 0.017460 0.019531
1 0.970635 0.342773 0.012698 0.011719
