2 0.081746 0.564453 0.031746 0.115234
0 0.172222 0.913086 0.028571 0.023438
2 0.243651 0.425781 0.168254 0.267578
1 0.288889 0.710938 0.036508 0.080078
1 0.294444 0.107422 0.034921 0.033203
0 0.362698 0.926758 0.025397 0.105469
2 0.546825 0.281250 0.222222 0.486328
1 0.536508 0.372070 0.017460 0.007812
2 0.697619 0.151367 0.095238 0.148438
2 0.678571 0.087891 0.038095 0.080078
0 0.731746 0.880859 0.033333 0.056641
0 0.731746 0.509766 0.026984 0.060547
1 0.846825 0.322266 0.009524 0.009766
2 0.941270 0.364258 0.046032 0.085938
