0 0.061111 0.132812 0.057143 0.021484
0 0.049206 0.365234 0.026984 0.037109
0 0.084524 0.165039 0.056349 0.066406
0 0.200794 0.256836 0.038095 0.175781
2 0.375397 0.781250 0.371429 0.380859
2 0.256349 0.684570 0.092063 0.105469
0 0.326190 0.688477 0.025397 0.160156
0 0.410317 0.613281 0.104762 0.072266
2 0.438095 0.884766 0.100000 0.119141
0 0.431746 0.474609 0.046032 0.060547
2 0.518254 0.591797 0.060317 0.107422
2 0.677778 0.669922 0.195238 0.447266
2 0.710714 0.583984 0.124603 0.083984
2 0.732143 0.329102 0.099206 0.195312
2 0.719048 0.884766 0.061905 0.052734
