2 0.130159 0.721680 0.125397 0.207031
2 0.180159 0.671875 0.073016 0.099609
2 0.273016 0.750977 0.065079 0.039062
2 0.561905 0.547852 0.433333 0.273438
1 0.369444 0.417969 0.010317 0.013672
1 0.444841 0.206543 0.011905 0.006836
0 0.524603 0.858398 0.031746 0.027344
0 0.529365 0.339844 0.025397 0.029297
0 0.657143 0.937988 0.103175 0.079102
2 0.728571 0.277344 0.109524 0.091797
1 0.761111 0.033203 0.022222 0.029297
0 0.782540 0.648438 0.039683 0.017578
1 0.788095 0.458008 0.007937 0.019531
0 0.923810 0.270508 0.042857 0.054688
0 0.935714 0.786133 0.063492 0.062500
