1 0.082522 0.632726 0.020188 0.021076
1 0.213745 0.399969 0.007493 0.014790
1 0.233412 0.366322 0.004371 0.006655
1 0.238511 0.435280 0.012071 0.005546
1 0.287837 0.450810 0.024559 0.024773
1 0.292520 0.365398 0.022269 0.013681
1 0.333417 0.255213 0.004579 0.032168
1 0.401682 0.221751 0.002914 0.007395
2 0.347673 0.111936 0.095113 0.101311
1 0.413545 0.470776 0.010406 0.007025
1 0.419060 0.489079 0.003954 0.014790
0 0.523331 0.231180 0.028513 0.023294
1 0.531760 0.133751 0.004579 0.008874
1 0.631036 0.468373 0.006660 0.006655
1 0.640818 0.138928 0.007076 0.014790