0 0.058730 0.639648 0.033333 0.050781
0 0.140476 0.824219 0.066667 0.083984
1 0.211508 0.170898 0.019841 0.015625
2 0.306349 0.812500 0.134921 0.275391
2 0.373016 0.359375 0.112698 0.029297
1 0.392857 0.567383 0.022222 0.039062
0 0.438889 0.359375 0.025397 0.060547
1 0.565873 0.158203 0.028571 0.029297
2 0.614683 0.619141 0.048413 0.091797
0 0.684127 0.286133 0.014286 0.054688
2 0.775000 0.473633 0.064286 0.042969
2 0.768254 0.731445 0.023810 0.042969
1 0.766667 0.395508 0.017460 0.007812
0 0.841270 0.669922 0.150794 0.056641
2 0.909524 0.223633 0.119048 0.066406
0 0.904762 0.425781 0.014286 0.029297
0 0.915079 0.907227 0.012698 0.054688
