2 0.153175 0.191406 0.076190 0.099609
0 0.157143 0.156250 0.036508 0.052734
0 0.177778 0.057617 0.020635 0.042969
2 0.245238 0.859375 0.092063 0.072266
2 0.315079 0.700195 0.069841 0.058594
2 0.504762 0.315430 0.147619 0.171875
0 0.480952 0.799805 0.084127 0.179688
1 0.518254 0.468750 0.038095 0.037109
0 0.600794 0.236328 0.069841 0.025391
2 0.603175 0.577148 0.030159 0.078125
2 0.726190 0.649414 0.266667 0.066406
0 0.615873 0.346680 0.033333 0.007812
1 0.618254 0.735352 0.012698 0.011719
0 0.732540 0.941406 0.038095 0.033203
1 0.751587 0.829102 0.025397 0.023438
