1 0.084127 0.053711 0.007937 0.015625
2 0.138889 0.136719 0.114286 0.138672
1 0.150794 0.525391 0.011111 0.017578
0 0.186508 0.731445 0.050794 0.050781
0 0.276190 0.321289 0.042857 0.066406
0 0.338889 0.289062 0.057143 0.083984
1 0.410317 0.566406 0.031746 0.041016
2 0.485714 0.459961 0.103175 0.105469
0 0.522222 0.518555 0.058730 0.144531
2 0.513492 0.329590 0.038095 0.030273
0 0.588095 0.814453 0.038095 0.076172
0 0.619841 0.071289 0.053968 0.097656
0 0.657143 0.108398 0.033333 0.058594
1 0.646825 0.294922 0.009524 0.013672
0 0.676587 0.134766 0.023016 0.072266
2 0.778571 0.688965 0.155556 0.159180
2 0.884921 0.374023 0.114286 0.156250
0 0.896032 0.465820 0.034921 0.058594
0 0.919048 0.909180 0.033333 0.039062
