1 0.163492 0.077148 0.036508 0.042969
0 0.180159 0.551758 0.015873 0.027344
0 0.212698 0.554688 0.049206 0.033203
1 0.253571 0.485352 0.127778 0.082031
0 0.269841 0.289062 0.077778 0.103516
1 0.269841 0.618164 0.007937 0.035156
2 0.330556 0.437500 0.084921 0.087891
1 0.342857 0.634766 0.052381 0.009766
2 0.456349 0.156250 0.111111 0.275391
1 0.555159 0.442383 0.011905 0.031250
2 0.723016 0.688477 0.196825 0.140625
1 0.747619 0.369629 0.026984 0.028320
2 0.789683 0.704102 0.053968 0.058594
0 0.848413 0.273438 0.126984 0.037109
1 0.896032 0.536133 0.038095 0.042969
0 0.923810 0.563477 0.049206 0.066406
1 0.941270 0.359375 0.020635 0.056641
