2 0.042063 0.907227 0.034921 0.101562
1 0.083333 0.533203 0.019048 0.033203
1 0.111508 0.627441 0.019841 0.020508
2 0.119048 0.341797 0.023810 0.048828
0 0.121429 0.932617 0.025397 0.035156
1 0.163492 0.721680 0.011111 0.011719
1 0.246825 0.287109 0.015873 0.017578
2 0.589683 0.325195 0.044444 0.058594
2 0.692857 0.822266 0.133333 0.068359
0 0.653968 0.103516 0.023810 0.041016
0 0.691270 0.513672 0.031746 0.044922
0 0.728571 0.825195 0.023810 0.027344
1 0.751587 0.273438 0.009524 0.009766
0 0.787302 0.138672 0.042857 0.048828
2 0.799206 0.718750 0.063492 0.103516
0 0.825397 0.593750 0.046032 0.041016
2 0.868254 0.571777 0.042857 0.034180
2 0.939683 0.215820 0.096825 0.050781
