0 0.021875 0.569444 0.011458 0.059259
2 0.090104 0.699074 0.045833 0.048148
0 0.100000 0.875926 0.026042 0.012963
0 0.118490 0.341667 0.039062 0.011111
0 0.210417 0.332407 0.082292 0.014815
2 0.275521 0.128704 0.027083 0.066667
0 0.386979 0.218519 0.058333 0.009259
2 0.532813 0.669444 0.056250 0.055556
0 0.533333 0.740741 0.026042 0.012963
0 0.593750 0.198148 0.028125 0.057407
2 0.602083 0.963889 0.040625 0.044444
0 0.748958 0.015741 0.055208 0.025926
0 0.746615 0.784722 0.008854 0.013889
0 0.857031 0.236111 0.018229 0.100000
0 0.901823 0.467593 0.016146 0.092593
0 0.965625 0.075000 0.042708 0.029630
