2 0.130952 0.556641 0.161905 0.146484
2 0.124603 0.546875 0.146032 0.154297
2 0.234921 0.624023 0.360317 0.421875
2 0.438889 0.568359 0.063492 0.123047
2 0.480159 0.341797 0.107937 0.185547
0 0.456349 0.852539 0.031746 0.085938
2 0.515873 0.300781 0.128571 0.322266
0 0.480159 0.125977 0.041270 0.027344
2 0.529365 0.521484 0.098413 0.177734
0 0.593651 0.747070 0.017460 0.027344
2 0.605159 0.406250 0.026190 0.017578
0 0.720635 0.868164 0.026984 0.062500
0 0.868254 0.259766 0.157143 0.056641
0 0.811111 0.578125 0.042857 0.025391
0 0.815079 0.422852 0.034921 0.054688
