2 0.084375 0.181481 0.086458 0.087037
0 0.072917 0.563889 0.042708 0.029630
0 0.225000 0.647685 0.007292 0.010185
2 0.409375 0.288889 0.032292 0.079630
0 0.455208 0.796296 0.011458 0.005556
0 0.481250 0.567593 0.046875 0.007407
0 0.659896 0.676852 0.020833 0.059259
0 0.672917 0.586111 0.009375 0.029630
0 0.679688 0.766667 0.010417 0.038889
0 0.806250 0.527778 0.009375 0.027778
1 0.827083 0.506481 0.034375 0.011111
1 0.870052 0.774074 0.007812 0.024074
0 0.930729 0.220370 0.025000 0.005556
0 0.925521 0.624074 0.018750 0.046296
0 0.975521 0.198148 0.012500 0.035185
