1 0.035714 0.574219 0.009524 0.017578
2 0.180952 0.408203 0.204762 0.197266
2 0.104762 0.215820 0.042857 0.027344
2 0.111905 0.312500 0.050794 0.033203
0 0.298413 0.452148 0.020635 0.042969
2 0.375397 0.554688 0.057143 0.076172
2 0.451587 0.759766 0.142857 0.048828
0 0.544444 0.513672 0.020635 0.041016
1 0.560317 0.673828 0.020635 0.017578
0 0.619841 0.151367 0.063492 0.031250
0 0.607143 0.604492 0.019048 0.019531
2 0.655556 0.829102 0.049206 0.070312
1 0.740079 0.713867 0.069048 0.152344
2 0.842063 0.899414 0.095238 0.117188
1 0.803968 0.860352 0.012698 0.015625
