2 0.064683 0.641602 0.089683 0.171875
2 0.084127 0.801758 0.055556 0.160156
0 0.076190 0.714844 0.026984 0.025391
0 0.122222 0.871094 0.046032 0.041016
2 0.157937 0.255859 0.057143 0.072266
2 0.178571 0.403320 0.060317 0.050781
0 0.293651 0.628906 0.023810 0.029297
1 0.314286 0.568359 0.014286 0.009766
1 0.485714 0.618164 0.017460 0.042969
2 0.807937 0.303711 0.306349 0.312500
2 0.800794 0.676758 0.130159 0.191406
1 0.751587 0.114258 0.012698 0.007812
0 0.892460 0.309570 0.062698 0.144531
0 0.936508 0.920898 0.055556 0.125000
0 0.934127 0.718750 0.031746 0.041016
1 0.971825 0.045898 0.015079 0.015625
