2 0.065873 0.735352 0.104762 0.175781
2 0.094444 0.261719 0.057143 0.037109
0 0.128571 0.633301 0.036508 0.024414
2 0.192063 0.211914 0.122222 0.082031
1 0.358730 0.340820 0.017460 0.027344
2 0.381746 0.073242 0.025397 0.062500
0 0.423810 0.471680 0.017460 0.027344
2 0.437302 0.678711 0.044444 0.058594
1 0.438889 0.909180 0.012698 0.019531
2 0.544048 0.685059 0.054762 0.065430
1 0.538095 0.750977 0.030159 0.027344
1 0.567460 0.720703 0.022222 0.025391
0 0.687302 0.881836 0.042857 0.019531
2 0.742857 0.679688 0.052381 0.095703
1 0.896825 0.068359 0.036508 0.009766
