1 0.060317 0.575195 0.023810 0.023438
0 0.178571 0.808594 0.038095 0.056641
2 0.242063 0.277344 0.053968 0.173828
0 0.317857 0.467773 0.100794 0.027344
1 0.403968 0.381836 0.012698 0.058594
1 0.440079 0.741211 0.024603 0.007812
2 0.490476 0.777344 0.026984 0.068359
2 0.627778 0.278320 0.266667 0.261719
0 0.543651 0.250977 0.060317 0.058594
0 0.579365 0.547852 0.061905 0.066406
0 0.759524 0.221680 0.085714 0.097656
1 0.832937 0.383789 0.032540 0.066406
2 0.797619 0.490234 0.088889 0.041016
1 0.784127 0.725586 0.011111 0.007812
2 0.912698 0.719727 0.131746 0.214844
