2 0.378125 0.794444 0.617708 0.372222
2 0.096354 0.259259 0.018750 0.042593
2 0.114062 0.474074 0.031250 0.112963
0 0.108333 0.079630 0.017708 0.050000
2 0.118229 0.765741 0.033333 0.125926
0 0.120573 0.087037 0.010937 0.031481
1 0.152865 0.558333 0.008854 0.025926
0 0.216146 0.190741 0.008333 0.031481
0 0.405208 0.924074 0.023958 0.012963
0 0.432812 0.248148 0.025000 0.005556
2 0.581771 0.650926 0.235417 0.229630
2 0.688542 0.425926 0.030208 0.038889
2 0.733854 0.169444 0.045833 0.122222
2 0.743490 0.352778 0.036979 0.081481
0 0.849479 0.230556 0.037500 0.022222
0 0.913021 0.775000 0.027083 0.055556
