0 0.132031 0.330556 0.024479 0.014815
1 0.134635 0.237037 0.028646 0.009259
2 0.320833 0.454630 0.328125 0.318519
2 0.382292 0.365741 0.323958 0.314815
2 0.393750 0.612037 0.053125 0.051852
1 0.419271 0.698148 0.004167 0.016667
1 0.470313 0.646296 0.008333 0.012963
1 0.491146 0.988889 0.006250 0.009259
2 0.583854 0.264815 0.018750 0.050000
0 0.655729 0.566667 0.008333 0.031481
1 0.682031 0.290741 0.006771 0.012963
2 0.780729 0.721296 0.056250 0.048148
2 0.866146 0.847222 0.075000 0.077778
0 0.839063 0.720370 0.018750 0.009259
1 0.905729 0.457407 0.008333 0.009259
1 0.949479 0.340741 0.008333 0.009259
1 0.975000 0.107407 0.017708 0.005556
