2 0.105556 0.522461 0.155556 0.097656
1 0.103968 0.235352 0.011111 0.015625
0 0.124603 0.748047 0.031746 0.041016
2 0.140476 0.914062 0.063492 0.076172
0 0.364286 0.285156 0.092063 0.041016
2 0.400000 0.378906 0.077778 0.037109
2 0.495635 0.367188 0.073810 0.115234
2 0.665873 0.502930 0.257143 0.128906
2 0.562698 0.060547 0.047619 0.095703
0 0.592063 0.539062 0.096825 0.173828
0 0.589683 0.637695 0.063492 0.046875
2 0.639683 0.601562 0.112698 0.126953
2 0.626190 0.873047 0.076190 0.169922
2 0.618254 0.749023 0.025397 0.066406
2 0.668254 0.055664 0.061905 0.082031
0 0.723016 0.556641 0.034921 0.029297
1 0.938889 0.655273 0.012698 0.027344
