2 0.488542 0.496296 0.932292 0.564815
2 0.102604 0.550926 0.085417 0.070370
0 0.094271 0.344444 0.014583 0.031481
2 0.141667 0.426852 0.084375 0.062963
2 0.117188 0.946296 0.029167 0.087037
0 0.121875 0.498611 0.011458 0.008333
0 0.230208 0.324074 0.011458 0.027778
0 0.439063 0.172222 0.010417 0.053704
0 0.475000 0.616667 0.015625 0.009259
2 0.621875 0.246296 0.251042 0.420370
0 0.569271 0.349074 0.010417 0.055556
0 0.648958 0.895370 0.055208 0.025926
1 0.855729 0.168519 0.014583 0.005556
0 0.939583 0.474074 0.038542 0.009259
