0 0.192188 0.910185 0.010417 0.059259
2 0.268750 0.422222 0.061458 0.098148
2 0.335417 0.189815 0.061458 0.122222
0 0.413542 0.426852 0.044792 0.007407
0 0.448437 0.460185 0.014583 0.037037
2 0.562500 0.527778 0.221875 0.220370
0 0.465625 0.852778 0.026042 0.011111
0 0.500781 0.281481 0.026562 0.035185
0 0.531250 0.337037 0.011458 0.042593
2 0.589063 0.636111 0.070833 0.103704
2 0.610417 0.220370 0.061458 0.057407
2 0.863542 0.178704 0.267708 0.259259
0 0.758333 0.535185 0.019792 0.009259
0 0.877083 0.751852 0.038542 0.009259
