2 0.042969 0.338889 0.055729 0.083333
0 0.039062 0.028704 0.035417 0.022222
0 0.058333 0.758333 0.019792 0.011111
0 0.131771 0.383333 0.012500 0.031481
0 0.135937 0.279630 0.012500 0.075926
2 0.166146 0.153704 0.035417 0.135185
2 0.226823 0.509259 0.028646 0.061111
0 0.300521 0.883333 0.012500 0.061111
0 0.497135 0.185185 0.025521 0.031481
0 0.559896 0.800926 0.068750 0.011111
0 0.595313 0.092593 0.037500 0.020370
0 0.639583 0.808333 0.082292 0.014815
0 0.750000 0.534259 0.021875 0.044444
1 0.885156 0.584259 0.015104 0.003704
