0 0.092063 0.366211 0.042857 0.058594
0 0.240476 0.893555 0.133333 0.035156
2 0.264286 0.119141 0.057143 0.087891
2 0.297619 0.694336 0.022222 0.027344
1 0.340476 0.244141 0.015873 0.021484
1 0.349603 0.276367 0.010317 0.015625
2 0.490476 0.371094 0.096825 0.080078
1 0.493651 0.688477 0.004762 0.023438
1 0.508730 0.927734 0.012698 0.009766
0 0.559524 0.800781 0.057143 0.052734
0 0.550794 0.910645 0.033333 0.028320
1 0.611905 0.416992 0.009524 0.011719
1 0.626190 0.255859 0.009524 0.017578
2 0.739683 0.186523 0.074603 0.054688
1 0.915873 0.512695 0.020635 0.031250
