2 0.078571 0.851562 0.076190 0.052734
2 0.246825 0.792969 0.279365 0.162109
1 0.112698 0.467773 0.007937 0.011719
1 0.224206 0.704102 0.040476 0.027344
2 0.362698 0.289062 0.152381 0.396484
1 0.311111 0.469727 0.033333 0.046875
2 0.384921 0.147461 0.152381 0.066406
1 0.343651 0.676270 0.038095 0.036133
1 0.394444 0.946289 0.031746 0.054688
2 0.632540 0.258789 0.396825 0.273438
1 0.598810 0.430664 0.037302 0.078125
0 0.648810 0.220703 0.035714 0.119141
2 0.655556 0.729980 0.039683 0.022461
2 0.798413 0.137695 0.042857 0.050781
1 0.867460 0.568359 0.012698 0.017578
0 0.945635 0.715820 0.035714 0.019531
