2 0.295238 0.195312 0.112698 0.216797
0 0.281349 0.472656 0.034127 0.048828
1 0.310317 0.150391 0.031746 0.017578
0 0.368254 0.564453 0.061905 0.228516
0 0.374206 0.867188 0.010317 0.021484
2 0.672222 0.810547 0.326984 0.099609
2 0.601587 0.837891 0.138095 0.189453
2 0.585714 0.352539 0.058730 0.066406
1 0.586508 0.674805 0.015873 0.023438
0 0.632540 0.503906 0.095238 0.041016
0 0.728571 0.781250 0.077778 0.037109
2 0.785714 0.660156 0.080952 0.279297
2 0.815079 0.205078 0.079365 0.060547
0 0.802381 0.219238 0.053968 0.032227
1 0.846825 0.841797 0.041270 0.037109
1 0.849206 0.740234 0.011111 0.017578
0 0.896032 0.611328 0.044444 0.072266
