0 0.094792 0.700926 0.015625 0.044444
1 0.178646 0.569444 0.027083 0.007407
2 0.509375 0.475000 0.309375 0.514815
2 0.413021 0.689815 0.054167 0.044444
2 0.582812 0.535185 0.352083 0.342593
0 0.437500 0.071296 0.013542 0.085185
2 0.495573 0.416667 0.052604 0.075926
0 0.546875 0.141667 0.053125 0.037037
0 0.723958 0.291667 0.028125 0.011111
2 0.746094 0.422222 0.050521 0.135185
2 0.831771 0.296296 0.175000 0.290741
2 0.763281 0.713889 0.025521 0.044444
1 0.853125 0.920370 0.007292 0.005556
2 0.916667 0.903704 0.048958 0.053704
