2 0.336508 0.661133 0.192063 0.171875
1 0.285317 0.509277 0.061111 0.041992
2 0.319841 0.377930 0.107937 0.183594
0 0.365079 0.541992 0.068254 0.179688
0 0.456349 0.528320 0.041270 0.042969
0 0.471429 0.715820 0.026984 0.050781
2 0.614286 0.158203 0.065079 0.134766
0 0.630159 0.124023 0.084127 0.046875
1 0.642063 0.925781 0.015873 0.013672
0 0.691270 0.822266 0.079365 0.025391
0 0.734127 0.081543 0.149206 0.135742
0 0.801190 0.347656 0.046825 0.044922
2 0.915873 0.659180 0.131746 0.070312
0 0.896825 0.149414 0.033333 0.031250
2 0.911111 0.682617 0.039683 0.078125
