1 0.469635 0.557852 0.008949 0.020336
1 0.564332 0.552675 0.003538 0.007765
1 0.400641 0.653246 0.008325 0.011462
1 0.295226 0.350793 0.012279 0.020336
1 0.298660 0.492591 0.008741 0.009613
1 0.270667 0.689297 0.006036 0.006655
0 0.244963 0.703717 0.027056 0.060639
1 0.211455 0.721465 0.017899 0.016269
1 0.218740 0.582440 0.003746 0.016269
1 0.190747 0.618675 0.016442 0.010353
1 0.186376 0.685415 0.010198 0.016639
1 0.199800 0.685230 0.008325 0.017008
1 0.239344 0.301986 0.012904 0.012941
1 0.339556 0.401264 0.003538 0.004437
1 0.189810 0.771566 0.017899 0.010723
1 0.009158 0.650104 0.018315 0.019966