1 0.547161 0.585028 0.005411 0.011832
1 0.579629 0.565986 0.003330 0.004807
1 0.570679 0.560995 0.011655 0.004437
1 0.448926 0.559331 0.009574 0.015899
1 0.372024 0.487600 0.009782 0.009983
1 0.368069 0.501465 0.002706 0.006655
1 0.415730 0.652692 0.003122 0.011092
1 0.376186 0.633650 0.004787 0.014420
1 0.287629 0.351533 0.013320 0.026252
0 0.230707 0.694473 0.016026 0.051025
1 0.244547 0.666003 0.010406 0.015529
1 0.185960 0.614053 0.008117 0.009244
1 0.231435 0.582994 0.010823 0.012941
1 0.206564 0.580961 0.004371 0.006655
1 0.260365 0.537885 0.002498 0.007765
1 0.293352 0.503684 0.008949 0.009613
1 0.252456 0.687818 0.004995 0.005176
1 0.191891 0.681532 0.011239 0.013311