1 0.259948 0.514037 0.003330 0.008134
1 0.295122 0.504053 0.005828 0.008134
1 0.386072 0.487045 0.007909 0.014050
1 0.370463 0.538625 0.008325 0.013681
1 0.320409 0.604625 0.004371 0.017748
1 0.312604 0.636238 0.013736 0.010723
1 0.401578 0.636053 0.012279 0.011092
1 0.388986 0.635683 0.004163 0.008134
1 0.360785 0.565247 0.011863 0.012941
1 0.356102 0.601112 0.007909 0.009983
1 0.359953 0.580221 0.008949 0.011832
1 0.322802 0.448222 0.002914 0.005176
1 0.453921 0.600742 0.004163 0.003328
1 0.393149 0.449146 0.002914 0.004807
1 0.427073 0.521062 0.001249 0.005916
1 0.365884 0.547499 0.003746 0.005546
1 0.517920 0.591314 0.013944 0.014050
1 0.522082 0.536776 0.005203 0.009244
1 0.537483 0.544726 0.003954 0.007395
1 0.619068 0.511448 0.007701 0.019966
1 0.627602 0.550272 0.003122 0.009613
1 0.616259 0.371684 0.002498 0.005176
1 0.559649 0.558591 0.002914 0.011462
1 0.508034 0.586507 0.002498 0.005916
1 0.531448 0.429549 0.002289 0.007025
1 0.546849 0.499062 0.003122 0.004067
1 0.588058 0.510339 0.002289 0.005176
1 0.507513 0.505532 0.002289 0.005176
1 0.550387 0.558221 0.007701 0.009244
1 0.518232 0.552305 0.002914 0.005546