1 0.637175 0.375751 0.004787 0.004437
1 0.600753 0.571717 0.001873 0.010353
1 0.529158 0.562473 0.006868 0.009613
1 0.533737 0.542137 0.004787 0.007395
1 0.551116 0.537885 0.004163 0.003328
1 0.523747 0.611280 0.012279 0.002958
1 0.495234 0.544541 0.008533 0.007025
1 0.505952 0.519583 0.002081 0.005176
1 0.491800 0.609062 0.003330 0.005176
1 0.315102 0.401818 0.004163 0.009983
1 0.394918 0.478911 0.010614 0.006655
1 0.366925 0.470037 0.003746 0.006655
1 0.319576 0.536776 0.007701 0.007025
1 0.303134 0.503684 0.016026 0.017008
1 0.227481 0.553784 0.004579 0.014420
1 0.289710 0.697616 0.024143 0.015899
0 0.257035 0.657314 0.019148 0.042521
1 0.257659 0.681902 0.004163 0.012571
1 0.259220 0.575600 0.013944 0.014420
1 0.246420 0.568020 0.006660 0.010353
1 0.349858 0.418457 0.001665 0.004067
1 0.321241 0.401079 0.007284 0.008504
1 0.312396 0.391650 0.004995 0.006655
1 0.044643 0.819263 0.011447 0.013681