0 0.179924 0.504793 0.022686 0.029580
1 0.292936 0.541028 0.003538 0.007395
1 0.321866 0.491852 0.003538 0.007395
1 0.380453 0.554154 0.007493 0.010723
1 0.389402 0.531415 0.005828 0.022185
1 0.405636 0.453768 0.002914 0.005916
1 0.414273 0.514591 0.011031 0.011462
1 0.426865 0.535112 0.004163 0.014790
1 0.519272 0.534742 0.006244 0.008134
1 0.453297 0.422524 0.003746 0.009983
1 0.458812 0.337482 0.002706 0.009244
1 0.483579 0.485751 0.003538 0.007025
1 0.550595 0.488154 0.003954 0.005176
1 0.616675 0.370944 0.004163 0.003697
1 0.588266 0.468373 0.001873 0.004067
1 0.617403 0.501650 0.003538 0.012202
1 0.602627 0.511448 0.002289 0.008134
1 0.627706 0.512373 0.005411 0.012202
1 0.557567 0.556188 0.002914 0.005916
1 0.533217 0.431213 0.005828 0.006655
1 0.417811 0.621448 0.003538 0.005546