2 0.086508 0.237305 0.120635 0.082031
0 0.141270 0.158203 0.039683 0.013672
2 0.181746 0.535156 0.047619 0.064453
2 0.457143 0.609375 0.141270 0.166016
0 0.436111 0.583008 0.050000 0.078125
2 0.633333 0.189453 0.115873 0.080078
2 0.674603 0.833008 0.087302 0.085938
2 0.712698 0.399414 0.138095 0.128906
0 0.700794 0.970703 0.050794 0.021484
2 0.742063 0.390137 0.076190 0.053711
1 0.772222 0.544922 0.066667 0.103516
0 0.787302 0.145508 0.020635 0.011719
1 0.839286 0.156250 0.034127 0.041016
2 0.912698 0.285645 0.112698 0.098633
0 0.885714 0.517578 0.058730 0.056641
2 0.949206 0.461914 0.026984 0.066406
