0 0.201587 0.657227 0.042857 0.027344
0 0.241667 0.488281 0.011905 0.013672
2 0.379365 0.599609 0.268254 0.630859
1 0.415476 0.779297 0.007143 0.021484
0 0.495238 0.918945 0.055556 0.066406
2 0.526190 0.854492 0.082540 0.078125
1 0.577778 0.785156 0.020635 0.025391
0 0.603175 0.328125 0.049206 0.068359
2 0.680159 0.666992 0.187302 0.210938
1 0.689286 0.204102 0.062698 0.109375
2 0.784127 0.125000 0.080952 0.162109
2 0.859524 0.718750 0.222222 0.169922
0 0.774206 0.315430 0.048413 0.066406
2 0.914286 0.673828 0.074603 0.185547
2 0.929365 0.941406 0.066667 0.048828
2 0.936905 0.793945 0.029365 0.050781
0 0.946429 0.785156 0.030952 0.080078
