0 0.050794 0.625977 0.023810 0.046875
1 0.101587 0.163086 0.011111 0.007812
2 0.146825 0.541992 0.101587 0.195312
1 0.173810 0.162109 0.028571 0.052734
1 0.157143 0.054688 0.011111 0.017578
2 0.325397 0.872070 0.134921 0.117188
0 0.315079 0.215820 0.060317 0.082031
2 0.380952 0.543945 0.061905 0.117188
1 0.468254 0.708008 0.014286 0.011719
0 0.572222 0.731445 0.082540 0.101562
1 0.617460 0.698730 0.017460 0.006836
2 0.772222 0.803711 0.104762 0.066406
2 0.800000 0.112305 0.093651 0.078125
0 0.852381 0.795410 0.049206 0.036133
