1 0.073810 0.799805 0.012698 0.007812
2 0.105556 0.107422 0.085714 0.068359
0 0.142857 0.806641 0.052381 0.044922
2 0.146032 0.861328 0.039683 0.068359
2 0.205556 0.862305 0.076190 0.234375
0 0.235714 0.088867 0.025397 0.046875
2 0.269048 0.696289 0.041270 0.121094
0 0.306349 0.358398 0.036508 0.050781
2 0.431746 0.803711 0.106349 0.164062
0 0.609524 0.879883 0.036508 0.066406
1 0.699603 0.354492 0.042063 0.054688
2 0.755556 0.679688 0.144444 0.095703
2 0.773810 0.447266 0.117460 0.244141
0 0.742063 0.523438 0.019048 0.033203
0 0.889683 0.659180 0.022222 0.058594
1 0.934921 0.663086 0.014286 0.015625
1 0.945635 0.923340 0.016667 0.010742
