0 0.205556 0.215820 0.098413 0.046875
0 0.183730 0.720703 0.046825 0.064453
0 0.215873 0.500977 0.084127 0.101562
1 0.251587 0.960938 0.060317 0.029297
1 0.415873 0.680664 0.071429 0.019531
1 0.455159 0.784180 0.018254 0.023438
0 0.463492 0.828125 0.030159 0.064453
1 0.533333 0.922852 0.030159 0.023438
1 0.542460 0.536133 0.016667 0.011719
0 0.584127 0.567383 0.014286 0.070312
0 0.688889 0.457031 0.068254 0.056641
0 0.734127 0.130859 0.098413 0.048828
2 0.793651 0.126953 0.109524 0.080078
0 0.835714 0.191406 0.025397 0.037109
1 0.953175 0.369141 0.066667 0.017578
0 0.942857 0.693359 0.020635 0.072266
