0 0.043651 0.299805 0.053968 0.039062
1 0.067460 0.435547 0.012698 0.013672
0 0.113889 0.652344 0.021429 0.083984
1 0.150794 0.184570 0.033333 0.070312
2 0.253968 0.832031 0.176190 0.123047
2 0.307143 0.389648 0.133333 0.167969
2 0.438889 0.867188 0.066667 0.080078
0 0.532937 0.475586 0.043651 0.070312
1 0.597619 0.900391 0.015873 0.017578
1 0.626190 0.523438 0.009524 0.017578
0 0.663095 0.852051 0.032540 0.024414
1 0.691270 0.736328 0.009524 0.009766
0 0.778571 0.297852 0.034921 0.027344
0 0.778571 0.385742 0.012698 0.019531
0 0.804762 0.102539 0.020635 0.019531
0 0.859524 0.213867 0.053968 0.042969
0 0.907937 0.900391 0.017460 0.025391
1 0.917460 0.104492 0.023810 0.027344
1 0.961905 0.378906 0.011111 0.013672
