2 0.044792 0.039815 0.063542 0.066667
0 0.088542 0.285185 0.030208 0.020370
2 0.250521 0.395370 0.077083 0.059259
0 0.258333 0.051852 0.042708 0.027778
2 0.564583 0.612037 0.267708 0.259259
2 0.598958 0.753704 0.078125 0.127778
0 0.577604 0.812963 0.010417 0.031481
2 0.600000 0.322222 0.028125 0.105556
2 0.646615 0.455556 0.039062 0.083333
2 0.671875 0.709259 0.021875 0.053704
0 0.706250 0.742593 0.007292 0.031481
0 0.788021 0.333333 0.016667 0.020370
2 0.822917 0.337037 0.061458 0.046296
2 0.935156 0.075000 0.020313 0.044444
2 0.942969 0.266667 0.036979 0.020370
