2 0.134127 0.750000 0.174603 0.236328
0 0.110317 0.135742 0.053968 0.035156
1 0.098413 0.967773 0.014286 0.019531
1 0.304762 0.371094 0.150794 0.169922
2 0.324603 0.148438 0.047619 0.060547
0 0.353175 0.125977 0.041270 0.046875
0 0.406349 0.082031 0.096825 0.056641
1 0.405952 0.699219 0.032540 0.037109
1 0.480159 0.951172 0.009524 0.021484
0 0.490476 0.527344 0.026984 0.025391
2 0.500794 0.668945 0.041270 0.132812
2 0.618254 0.764648 0.152381 0.144531
0 0.719048 0.901855 0.052381 0.092773
1 0.707937 0.714844 0.011111 0.013672
0 0.763492 0.712891 0.055556 0.009766
1 0.830159 0.519531 0.026984 0.021484
0 0.953175 0.150391 0.019048 0.013672
