2 0.094271 0.208333 0.031250 0.114815
2 0.122917 0.323148 0.017708 0.044444
2 0.243229 0.589815 0.020833 0.055556
2 0.436979 0.361111 0.187500 0.246296
1 0.376302 0.137963 0.009896 0.007407
2 0.425000 0.780556 0.048958 0.096296
2 0.467708 0.542593 0.098958 0.027778
0 0.507812 0.844444 0.041667 0.046296
0 0.499479 0.688889 0.014583 0.031481
2 0.706250 0.378704 0.042708 0.074074
0 0.734375 0.319444 0.065625 0.011111
1 0.852083 0.122222 0.011458 0.024074
1 0.855729 0.512037 0.006250 0.025926
2 0.955990 0.114815 0.024479 0.031481
