0 0.088095 0.289551 0.082540 0.122070
1 0.109127 0.544922 0.018254 0.025391
1 0.126190 0.148438 0.034921 0.048828
0 0.193651 0.598633 0.033333 0.078125
2 0.347619 0.673828 0.131746 0.447266
1 0.396429 0.735352 0.011905 0.027344
0 0.476190 0.124023 0.039683 0.042969
1 0.643651 0.783203 0.019048 0.025391
2 0.685714 0.202148 0.084127 0.250000
2 0.723810 0.758789 0.103175 0.074219
0 0.765873 0.600586 0.069841 0.078125
1 0.738095 0.318359 0.011111 0.021484
0 0.777778 0.766602 0.033333 0.035156
1 0.855556 0.576172 0.014286 0.017578
1 0.868254 0.181641 0.017460 0.021484
1 0.886508 0.114258 0.012698 0.015625
