0 0.211111 0.127930 0.020635 0.066406
1 0.238889 0.229492 0.031746 0.027344
1 0.303968 0.556641 0.019048 0.013672
0 0.344048 0.633789 0.026190 0.054688
2 0.453968 0.164062 0.134921 0.275391
0 0.451587 0.630859 0.015873 0.009766
0 0.486905 0.100586 0.023016 0.070312
2 0.658730 0.167969 0.160317 0.083984
2 0.665873 0.523438 0.031746 0.060547
2 0.730556 0.702148 0.051587 0.046875
1 0.746825 0.909180 0.025397 0.023438
1 0.757937 0.539062 0.015873 0.025391
1 0.759127 0.975586 0.008730 0.011719
1 0.946032 0.662109 0.020635 0.029297
