0 0.026190 0.488281 0.028571 0.052734
0 0.039683 0.609375 0.052381 0.060547
0 0.044841 0.405273 0.040476 0.050781
1 0.263095 0.114258 0.019841 0.015625
1 0.350000 0.237305 0.085714 0.156250
0 0.328571 0.732422 0.020635 0.060547
0 0.334921 0.383789 0.030159 0.027344
1 0.370635 0.929688 0.031746 0.021484
0 0.511111 0.409180 0.046032 0.050781
2 0.627778 0.679688 0.117460 0.064453
2 0.721429 0.373047 0.025397 0.064453
0 0.730952 0.669922 0.006349 0.044922
1 0.760317 0.803711 0.020635 0.011719
1 0.835714 0.616211 0.019048 0.015625
0 0.869048 0.250000 0.041270 0.095703
1 0.889683 0.958008 0.022222 0.023438
1 0.917460 0.366211 0.007937 0.011719
