2 0.142063 0.775391 0.073016 0.158203
0 0.170635 0.306641 0.025397 0.009766
2 0.192063 0.401367 0.068254 0.101562
2 0.237302 0.127930 0.130159 0.082031
0 0.294841 0.830078 0.051587 0.037109
0 0.301190 0.771484 0.032540 0.107422
2 0.340079 0.381836 0.030952 0.019531
0 0.357937 0.703125 0.025397 0.048828
2 0.597619 0.562500 0.241270 0.134766
0 0.512698 0.103516 0.036508 0.134766
2 0.553571 0.476562 0.042063 0.123047
2 0.626190 0.123047 0.060317 0.048828
2 0.665079 0.576172 0.115873 0.099609
0 0.687302 0.290039 0.100000 0.050781
1 0.669841 0.144531 0.058730 0.068359
2 0.729365 0.183594 0.028571 0.041016
2 0.788095 0.690430 0.069841 0.332031
2 0.821429 0.862305 0.038095 0.054688
