2 0.467187 0.590741 0.918750 0.557407
2 0.101562 0.914815 0.100000 0.083333
0 0.082812 0.834259 0.010417 0.066667
0 0.168750 0.079167 0.007292 0.010185
2 0.204167 0.238889 0.076042 0.079630
1 0.172917 0.871296 0.009375 0.014815
0 0.196615 0.170370 0.019271 0.009259
0 0.227604 0.675000 0.027083 0.011111
2 0.271615 0.660185 0.040104 0.070370
0 0.371354 0.964815 0.014583 0.035185
2 0.541667 0.261111 0.051042 0.079630
0 0.526042 0.754630 0.021875 0.011111
2 0.562500 0.817593 0.030208 0.111111
2 0.738542 0.539815 0.034375 0.100000
0 0.834375 0.886574 0.011458 0.017593
0 0.868750 0.337037 0.011458 0.042593
0 0.915625 0.332407 0.028125 0.025926
