2 0.084921 0.816406 0.057143 0.099609
0 0.127778 0.173828 0.069841 0.173828
0 0.140476 0.756836 0.050794 0.062500
0 0.130952 0.739258 0.022222 0.082031
2 0.217460 0.815430 0.134921 0.171875
1 0.169048 0.405273 0.009524 0.011719
1 0.242857 0.586914 0.077778 0.109375
2 0.391270 0.546875 0.285714 0.416016
2 0.470635 0.634766 0.438095 0.330078
2 0.395238 0.500000 0.122222 0.076172
1 0.441270 0.839844 0.017460 0.017578
1 0.504762 0.050781 0.030159 0.021484
0 0.590476 0.614258 0.049206 0.058594
0 0.604762 0.559570 0.030159 0.019531
0 0.682937 0.709961 0.078571 0.066406
1 0.773810 0.083496 0.038095 0.034180
2 0.869841 0.481445 0.071429 0.042969
1 0.891270 0.845703 0.047619 0.044922
