0 0.058333 0.198148 0.013542 0.038889
0 0.188021 0.951852 0.041667 0.016667
2 0.255208 0.378704 0.146875 0.192593
2 0.215365 0.332407 0.015104 0.040741
2 0.265104 0.951852 0.060417 0.035185
2 0.385937 0.671296 0.062500 0.103704
2 0.527083 0.485185 0.251042 0.242593
0 0.448437 0.045370 0.052083 0.037037
0 0.478125 0.712037 0.017708 0.051852
2 0.512500 0.926852 0.076042 0.077778
2 0.616146 0.805556 0.064583 0.105556
0 0.621875 0.289815 0.032292 0.007407
0 0.680729 0.599074 0.008333 0.044444
2 0.782292 0.417593 0.055208 0.088889
2 0.829688 0.233333 0.116667 0.035185
1 0.903646 0.927778 0.010417 0.020370
0 0.983594 0.920370 0.011979 0.005556
