2 0.177083 0.537963 0.073958 0.044444
2 0.516667 0.584259 0.707292 0.425926
2 0.223958 0.482870 0.030208 0.032407
2 0.272656 0.351852 0.024479 0.053704
2 0.285417 0.418519 0.013542 0.009259
0 0.281771 0.786111 0.033333 0.018519
1 0.278125 0.228704 0.007292 0.007407
2 0.360938 0.387037 0.070833 0.046296
1 0.396354 0.462037 0.010417 0.022222
0 0.609896 0.854630 0.012500 0.011111
1 0.626823 0.021296 0.010937 0.007407
0 0.626823 0.735185 0.006771 0.012963
2 0.664323 0.408333 0.026562 0.033333
2 0.746875 0.800000 0.067708 0.101852
2 0.855208 0.170370 0.059375 0.087037
0 0.916667 0.419444 0.038542 0.025926
2 0.985938 0.160185 0.018750 0.048148
