1 0.014286 0.727539 0.014286 0.019531
1 0.037698 0.060547 0.010317 0.009766
0 0.057540 0.167969 0.037302 0.048828
0 0.082143 0.084961 0.045238 0.023438
2 0.250000 0.472656 0.333333 0.298828
2 0.125397 0.578125 0.036508 0.099609
2 0.184921 0.092773 0.076190 0.089844
2 0.247619 0.190430 0.084127 0.148438
0 0.231349 0.294922 0.032540 0.033203
2 0.650000 0.738281 0.355556 0.095703
0 0.512302 0.562500 0.024603 0.048828
0 0.552381 0.772461 0.007937 0.019531
0 0.703968 0.249023 0.050794 0.054688
1 0.776190 0.808594 0.011111 0.017578
1 0.872222 0.523438 0.076190 0.134766
1 0.900000 0.609375 0.014286 0.013672
