2 0.115873 0.118164 0.061905 0.046875
2 0.328571 0.572266 0.284127 0.333984
0 0.288095 0.904297 0.060317 0.052734
1 0.398413 0.858398 0.033333 0.031250
2 0.450794 0.530273 0.036508 0.046875
2 0.530159 0.395508 0.188889 0.445312
2 0.492857 0.656250 0.101587 0.146484
0 0.476190 0.625977 0.020635 0.046875
1 0.563492 0.029297 0.011111 0.013672
2 0.578571 0.225586 0.041270 0.109375
0 0.625397 0.744141 0.039683 0.056641
0 0.627778 0.376953 0.019048 0.025391
0 0.661111 0.540039 0.050794 0.023438
1 0.672619 0.093750 0.038889 0.033203
1 0.699206 0.153320 0.019048 0.015625
2 0.715079 0.843750 0.063492 0.107422
0 0.741667 0.811523 0.030952 0.062500
2 0.788492 0.467773 0.064286 0.070312
