2 0.111111 0.181641 0.115873 0.126953
0 0.083333 0.500977 0.025397 0.027344
1 0.079365 0.604492 0.017460 0.023438
1 0.105159 0.953125 0.015079 0.021484
0 0.218254 0.626953 0.038095 0.060547
0 0.232937 0.616211 0.048413 0.058594
0 0.236508 0.756836 0.046032 0.097656
2 0.293651 0.222656 0.036508 0.076172
0 0.301190 0.295898 0.005556 0.031250
0 0.483333 0.436523 0.057143 0.035156
0 0.522222 0.798340 0.030159 0.014648
0 0.537302 0.075195 0.038095 0.042969
0 0.709524 0.756836 0.014286 0.023438
0 0.762698 0.223633 0.098413 0.062500
0 0.727778 0.729492 0.022222 0.097656
0 0.774603 0.084961 0.033333 0.113281
0 0.792857 0.289062 0.031746 0.099609
1 0.861905 0.651367 0.007937 0.015625
