0 0.072222 0.411133 0.107937 0.062500
1 0.084921 0.555664 0.022222 0.019531
0 0.112698 0.636719 0.030159 0.044922
1 0.114286 0.297852 0.026984 0.019531
2 0.363492 0.754883 0.452381 0.285156
1 0.195238 0.613770 0.017460 0.012695
0 0.271825 0.799805 0.107143 0.023438
2 0.309524 0.681641 0.115873 0.044922
0 0.299206 0.089844 0.044444 0.025391
0 0.301587 0.431641 0.046032 0.044922
1 0.321429 0.185547 0.009524 0.013672
0 0.349603 0.631836 0.011905 0.042969
1 0.373016 0.916016 0.011111 0.009766
0 0.457143 0.034180 0.017460 0.011719
0 0.556349 0.366211 0.038095 0.019531
1 0.662698 0.357422 0.009524 0.013672
1 0.735317 0.396484 0.021429 0.076172
1 0.781349 0.785156 0.069048 0.056641
