1 0.035714 0.260742 0.009524 0.015625
2 0.264286 0.458984 0.415873 0.302734
2 0.205952 0.637695 0.145238 0.300781
2 0.167460 0.321289 0.038095 0.050781
2 0.219841 0.163086 0.104762 0.066406
2 0.245238 0.290039 0.111111 0.207031
0 0.583730 0.375000 0.097619 0.083984
1 0.603175 0.268555 0.011111 0.015625
1 0.599206 0.873047 0.022222 0.033203
0 0.602381 0.201172 0.015873 0.037109
2 0.734921 0.595703 0.268254 0.353516
1 0.636508 0.960938 0.014286 0.025391
1 0.951190 0.439941 0.018254 0.008789
1 0.961508 0.829102 0.038889 0.019531
0 0.955556 0.637695 0.017460 0.050781
