0 0.065104 0.822222 0.012500 0.012963
2 0.106771 0.511111 0.085417 0.131481
2 0.089323 0.398148 0.030729 0.109259
2 0.118229 0.151852 0.037500 0.138889
0 0.111198 0.947222 0.016146 0.092593
1 0.120313 0.276852 0.008333 0.011111
1 0.212240 0.220370 0.006771 0.012963
2 0.260677 0.529630 0.040104 0.083333
2 0.278125 0.361111 0.063542 0.053704
0 0.326562 0.649074 0.010417 0.059259
1 0.520833 0.190741 0.009375 0.012963
2 0.615104 0.952778 0.072917 0.081481
1 0.686458 0.295370 0.005208 0.022222
0 0.851042 0.537963 0.034375 0.007407
