1 0.091270 0.069336 0.028571 0.019531
0 0.120635 0.280273 0.039683 0.042969
2 0.191270 0.710938 0.063492 0.076172
2 0.263492 0.128906 0.144444 0.072266
2 0.357143 0.237305 0.096825 0.406250
2 0.388095 0.155273 0.088889 0.066406
1 0.444841 0.161133 0.040476 0.054688
2 0.534921 0.570312 0.182540 0.123047
2 0.508730 0.626953 0.079365 0.130859
0 0.521429 0.918945 0.079365 0.128906
0 0.627778 0.292969 0.088889 0.189453
2 0.631746 0.078125 0.074603 0.119141
0 0.796825 0.621094 0.042857 0.087891
1 0.899206 0.024414 0.015873 0.031250
