2 0.204762 0.234375 0.084127 0.119141
1 0.178968 0.250000 0.023016 0.029297
0 0.283333 0.389648 0.060317 0.039062
0 0.496825 0.802734 0.077778 0.236328
1 0.500794 0.368164 0.015873 0.019531
0 0.544444 0.809570 0.071429 0.039062
0 0.542063 0.438477 0.019048 0.039062
0 0.566667 0.578613 0.055556 0.028320
2 0.651587 0.061523 0.136508 0.082031
0 0.688889 0.521484 0.039683 0.072266
0 0.692063 0.108398 0.033333 0.066406
1 0.736508 0.155273 0.004762 0.027344
2 0.741270 0.485352 0.011111 0.035156
2 0.855556 0.454102 0.220635 0.429688
1 0.808730 0.165039 0.025397 0.023438
