2 0.051302 0.325926 0.055729 0.083333
0 0.093229 0.768519 0.012500 0.035185
1 0.146094 0.914815 0.009896 0.005556
2 0.199219 0.646296 0.088021 0.046296
2 0.321354 0.900926 0.020833 0.044444
1 0.455469 0.180556 0.009896 0.007407
0 0.482552 0.080556 0.025521 0.033333
2 0.667708 0.282407 0.059375 0.092593
0 0.654167 0.302778 0.021875 0.011111
2 0.737500 0.712963 0.086458 0.072222
0 0.723437 0.551852 0.039583 0.027778
1 0.797917 0.951852 0.009375 0.012963
0 0.894792 0.410185 0.036458 0.022222
1 0.953646 0.299074 0.012500 0.033333
0 0.966146 0.478704 0.012500 0.059259
1 0.994792 0.616667 0.007292 0.009259
