0 0.018254 0.875977 0.015873 0.085938
2 0.073810 0.632812 0.034921 0.076172
1 0.123810 0.115234 0.023810 0.021484
0 0.171429 0.625977 0.061905 0.039062
0 0.232937 0.542969 0.040476 0.064453
1 0.412698 0.544922 0.093651 0.103516
1 0.386111 0.702148 0.003968 0.035156
2 0.445238 0.760742 0.101587 0.210938
0 0.432143 0.560547 0.018254 0.052734
2 0.488095 0.115234 0.069841 0.056641
0 0.751587 0.205078 0.025397 0.029297
1 0.904762 0.160156 0.122222 0.169922
1 0.775397 0.277344 0.009524 0.021484
0 0.838889 0.755859 0.038095 0.052734
0 0.869048 0.512207 0.066667 0.043945
2 0.884127 0.565430 0.093651 0.214844
2 0.909524 0.834961 0.026984 0.066406
0 0.942063 0.095703 0.034921 0.095703
