0 0.073016 0.217773 0.080952 0.039062
1 0.051587 0.521484 0.009524 0.017578
1 0.178571 0.572266 0.025397 0.009766
2 0.248016 0.914062 0.043651 0.033203
0 0.324603 0.104492 0.104762 0.027344
1 0.292063 0.555664 0.023810 0.023438
2 0.442063 0.409180 0.155556 0.203125
1 0.512698 0.173828 0.011111 0.060547
1 0.542857 0.706055 0.042857 0.031250
0 0.588889 0.899414 0.122222 0.054688
1 0.567460 0.736328 0.022222 0.033203
0 0.572222 0.405273 0.019048 0.011719
0 0.592857 0.628906 0.015873 0.052734
0 0.611905 0.202148 0.050794 0.023438
0 0.628968 0.770508 0.046825 0.132812
1 0.684921 0.586914 0.063492 0.023438
0 0.661905 0.333008 0.014286 0.015625
0 0.907143 0.306641 0.079365 0.056641
1 0.942063 0.576172 0.022222 0.025391
