2 0.035714 0.392578 0.034921 0.072266
1 0.082540 0.118164 0.020635 0.027344
0 0.088095 0.616211 0.028571 0.035156
2 0.284127 0.573242 0.319048 0.421875
2 0.225000 0.599609 0.013492 0.041016
0 0.242857 0.750977 0.020635 0.031250
2 0.283333 0.176758 0.085714 0.308594
1 0.288095 0.291992 0.015873 0.027344
0 0.414286 0.542969 0.030159 0.041016
2 0.793651 0.419922 0.306349 0.259766
2 0.696825 0.444336 0.090476 0.019531
0 0.729762 0.481445 0.054762 0.023438
1 0.784127 0.668945 0.068254 0.031250
0 0.888889 0.337891 0.030159 0.037109
