2 0.178571 0.499023 0.095238 0.085938
1 0.150000 0.217773 0.017460 0.023438
1 0.358730 0.352539 0.058730 0.152344
1 0.425794 0.864258 0.007143 0.015625
1 0.514286 0.565918 0.042857 0.038086
1 0.576190 0.582031 0.017460 0.025391
0 0.582937 0.162109 0.023016 0.048828
0 0.657937 0.122070 0.073016 0.039062
1 0.628571 0.893555 0.011111 0.015625
0 0.673016 0.413086 0.011111 0.035156
2 0.784921 0.268555 0.149206 0.054688
2 0.838889 0.603516 0.098413 0.158203
2 0.883333 0.641602 0.060317 0.128906
1 0.884127 0.891602 0.014286 0.015625
1 0.955556 0.965820 0.011111 0.011719
