1 0.027865 0.380556 0.025521 0.007407
1 0.209896 0.964815 0.006250 0.009259
0 0.259375 0.254630 0.048958 0.022222
0 0.297917 0.436111 0.051042 0.022222
1 0.414062 0.033333 0.014583 0.012963
1 0.426302 0.062037 0.016146 0.022222
0 0.472396 0.543519 0.079167 0.014815
0 0.473698 0.437963 0.039062 0.011111
1 0.488802 0.921296 0.009896 0.007407
1 0.528385 0.117593 0.011979 0.007407
0 0.625521 0.326852 0.031250 0.007407
0 0.746354 0.802778 0.079167 0.014815
1 0.808333 0.148148 0.009375 0.009259
1 0.866927 0.987963 0.005729 0.018519
