1 0.269048 0.734375 0.073016 0.052734
0 0.259127 0.891602 0.029365 0.074219
2 0.331746 0.726562 0.115873 0.197266
2 0.380952 0.662109 0.201587 0.451172
2 0.355159 0.355469 0.126190 0.099609
2 0.362698 0.534180 0.044444 0.128906
2 0.408730 0.698242 0.095238 0.097656
0 0.384127 0.271484 0.042857 0.095703
0 0.522222 0.417969 0.042857 0.099609
2 0.543651 0.869141 0.069841 0.115234
1 0.531746 0.232422 0.007937 0.013672
2 0.640476 0.458008 0.196825 0.125000
2 0.629365 0.678711 0.117460 0.164062
0 0.645635 0.575195 0.083333 0.019531
1 0.659524 0.435547 0.009524 0.013672
0 0.742063 0.326172 0.063492 0.099609
0 0.841270 0.751953 0.068254 0.095703
1 0.872222 0.528320 0.022222 0.058594
0 0.904762 0.070312 0.049206 0.123047
