0 0.140079 0.050781 0.018254 0.060547
1 0.146429 0.853027 0.018254 0.014648
0 0.310317 0.619141 0.063492 0.060547
0 0.359127 0.165039 0.056349 0.093750
2 0.422619 0.691406 0.110317 0.087891
1 0.469841 0.261719 0.007937 0.009766
0 0.529365 0.030762 0.022222 0.006836
0 0.569841 0.052734 0.090476 0.041016
1 0.556349 0.654785 0.034921 0.024414
2 0.719444 0.600586 0.188095 0.203125
1 0.731746 0.140625 0.058730 0.072266
1 0.679762 0.922852 0.013492 0.023438
2 0.808730 0.191406 0.184127 0.255859
0 0.761905 0.752441 0.071429 0.043945
2 0.824603 0.792969 0.034921 0.068359
