0 0.107540 0.729492 0.094444 0.113281
0 0.153571 0.887695 0.019841 0.046875
2 0.311905 0.176758 0.069841 0.050781
2 0.426984 0.463867 0.214286 0.503906
0 0.381746 0.877930 0.092063 0.066406
2 0.450000 0.486328 0.120635 0.146484
2 0.495238 0.703125 0.071429 0.107422
0 0.498413 0.068359 0.042857 0.091797
2 0.526190 0.770508 0.066667 0.035156
1 0.523810 0.619141 0.023810 0.083984
1 0.651587 0.865234 0.034921 0.064453
1 0.828968 0.617188 0.018254 0.009766
1 0.869048 0.447754 0.012698 0.008789
0 0.900794 0.652344 0.041270 0.052734
1 0.915079 0.095703 0.025397 0.029297
2 0.946032 0.820312 0.061905 0.076172
