1 0.020635 0.468750 0.007937 0.033203
0 0.226190 0.261719 0.041270 0.056641
0 0.276984 0.302734 0.136508 0.068359
1 0.232937 0.545898 0.011905 0.019531
0 0.258730 0.448242 0.028571 0.046875
2 0.385714 0.786133 0.074603 0.074219
2 0.411111 0.736328 0.061905 0.107422
0 0.480159 0.821289 0.120635 0.074219
2 0.596032 0.395508 0.260317 0.441406
2 0.650794 0.902344 0.039683 0.130859
0 0.793651 0.807617 0.039683 0.035156
0 0.853968 0.820312 0.058730 0.048828
0 0.842857 0.635742 0.026984 0.023438
0 0.883333 0.824219 0.053968 0.056641
0 0.887302 0.774414 0.030159 0.019531
