0 0.035417 0.893519 0.030208 0.059259
2 0.165625 0.212963 0.192708 0.253704
2 0.570312 0.304630 0.827083 0.500000
2 0.358854 0.535185 0.131250 0.038889
1 0.337240 0.643519 0.025521 0.007407
2 0.385937 0.875000 0.087500 0.088889
0 0.356771 0.411111 0.027083 0.012963
2 0.396875 0.744444 0.051042 0.050000
0 0.410938 0.343519 0.006250 0.025926
2 0.510156 0.734259 0.031771 0.125926
0 0.512500 0.591667 0.011458 0.033333
0 0.527604 0.490741 0.027083 0.024074
2 0.645312 0.433796 0.014583 0.012037
0 0.714063 0.921759 0.029167 0.032407
2 0.929948 0.140741 0.068229 0.179630
0 0.964844 0.318519 0.017188 0.098148
