1 0.023016 0.318359 0.022222 0.013672
2 0.268254 0.594727 0.407937 0.253906
1 0.079365 0.917969 0.011111 0.017578
2 0.114683 0.638672 0.030952 0.009766
2 0.184127 0.306152 0.141270 0.159180
1 0.130159 0.402344 0.017460 0.025391
1 0.280159 0.530273 0.015873 0.023438
0 0.378571 0.692383 0.041270 0.027344
2 0.400000 0.772461 0.061905 0.058594
2 0.525000 0.829102 0.032540 0.015625
0 0.664286 0.414062 0.047619 0.052734
2 0.835317 0.440430 0.172222 0.136719
2 0.807143 0.166016 0.034921 0.029297
0 0.854762 0.284180 0.019048 0.082031
