1 0.036508 0.429688 0.017460 0.025391
0 0.065873 0.214844 0.050794 0.080078
1 0.180952 0.232422 0.065079 0.126953
2 0.204762 0.302734 0.096825 0.099609
1 0.189683 0.490234 0.028571 0.025391
0 0.205556 0.160156 0.038095 0.044922
2 0.389683 0.480469 0.390476 0.669922
0 0.234524 0.169922 0.026190 0.025391
2 0.413492 0.779297 0.060317 0.138672
0 0.546032 0.162109 0.023810 0.041016
0 0.689683 0.661133 0.060317 0.058594
0 0.775397 0.376953 0.028571 0.013672
0 0.876190 0.921875 0.090476 0.044922
0 0.913492 0.911133 0.053968 0.054688
1 0.928571 0.753906 0.039683 0.041016
