0 0.040476 0.720703 0.034921 0.111328
2 0.139683 0.653320 0.077778 0.132812
1 0.118254 0.630859 0.015873 0.029297
1 0.152778 0.258301 0.035714 0.036133
0 0.229365 0.378906 0.117460 0.056641
2 0.344444 0.603516 0.157143 0.427734
2 0.361111 0.861328 0.050794 0.126953
2 0.400000 0.167969 0.042857 0.091797
0 0.405159 0.213867 0.030952 0.042969
2 0.521429 0.224609 0.066667 0.208984
1 0.559524 0.569336 0.053968 0.042969
1 0.634127 0.053711 0.009524 0.015625
0 0.835317 0.503906 0.013492 0.041016
0 0.926190 0.915039 0.050794 0.050781
