0 0.100521 0.045370 0.027083 0.022222
0 0.215625 0.394444 0.044792 0.020370
0 0.257812 0.409259 0.027083 0.012963
0 0.311458 0.150000 0.053125 0.024074
0 0.317708 0.573148 0.034375 0.011111
2 0.510417 0.764815 0.359375 0.350000
1 0.339583 0.020370 0.007292 0.009259
0 0.392708 0.574074 0.023958 0.005556
0 0.556250 0.695370 0.032292 0.029630
2 0.685417 0.661111 0.034375 0.046296
2 0.735417 0.576852 0.080208 0.081481
2 0.772396 0.456481 0.102083 0.085185
0 0.741667 0.505556 0.011458 0.005556
0 0.798438 0.175926 0.033333 0.020370
