0 0.232813 0.040741 0.035417 0.038889
0 0.296354 0.753704 0.027083 0.053704
0 0.371875 0.617593 0.048958 0.033333
2 0.386979 0.221296 0.022917 0.048148
1 0.471875 0.785185 0.007292 0.009259
1 0.533073 0.339815 0.025521 0.007407
2 0.581250 0.881481 0.067708 0.068519
0 0.594792 0.960185 0.021875 0.040741
2 0.730729 0.171296 0.237500 0.233333
0 0.660417 0.865741 0.051042 0.033333
2 0.725000 0.105556 0.036458 0.050000
1 0.713021 0.478704 0.004167 0.014815
2 0.765625 0.033333 0.044792 0.050000
0 0.864583 0.704630 0.038542 0.022222
