1 0.049603 0.882812 0.010317 0.044922
1 0.127381 0.945312 0.011905 0.021484
0 0.204762 0.500977 0.014286 0.039062
0 0.250794 0.908203 0.036508 0.044922
0 0.319444 0.622070 0.027778 0.054688
0 0.338889 0.771484 0.053968 0.013672
1 0.329365 0.327148 0.015873 0.019531
2 0.384921 0.576172 0.126984 0.279297
2 0.435714 0.717773 0.038095 0.054688
2 0.622222 0.655273 0.195238 0.320312
1 0.668254 0.684570 0.074603 0.125000
2 0.646825 0.201172 0.161905 0.298828
2 0.703968 0.747070 0.139683 0.242188
2 0.624603 0.897461 0.050794 0.082031
0 0.611111 0.398438 0.011111 0.064453
2 0.944444 0.081055 0.046032 0.117188
