0 0.019792 0.871296 0.028125 0.055556
2 0.168229 0.798148 0.308333 0.301852
2 0.079687 0.731481 0.018750 0.027778
1 0.119010 0.210185 0.016146 0.022222
0 0.187500 0.242593 0.009375 0.027778
0 0.197917 0.672222 0.019792 0.038889
2 0.246875 0.422222 0.090625 0.068519
0 0.378125 0.560648 0.011458 0.017593
0 0.409896 0.965741 0.010417 0.025926
1 0.482812 0.267593 0.012500 0.011111
2 0.635938 0.662037 0.243750 0.237037
2 0.567187 0.251852 0.070833 0.072222
2 0.838542 0.218519 0.157292 0.083333
2 0.834375 0.128704 0.126042 0.066667
2 0.828385 0.539815 0.064062 0.033333
2 0.897396 0.349074 0.143750 0.040741
