1 0.047619 0.682617 0.011111 0.046875
0 0.072222 0.135742 0.047619 0.035156
2 0.156349 0.677734 0.069841 0.056641
2 0.248413 0.636719 0.136508 0.169922
0 0.235714 0.708008 0.019048 0.011719
2 0.341270 0.903320 0.030159 0.062500
0 0.365873 0.353516 0.034921 0.037109
1 0.367460 0.117188 0.015873 0.041016
0 0.389683 0.857422 0.053968 0.060547
0 0.415873 0.342773 0.074603 0.031250
2 0.558730 0.534180 0.188889 0.371094
2 0.570635 0.572266 0.060317 0.099609
2 0.577778 0.500000 0.052381 0.099609
0 0.591270 0.934570 0.079365 0.101562
2 0.776984 0.817383 0.060317 0.078125
1 0.849206 0.924805 0.096825 0.070312
1 0.794444 0.208984 0.012698 0.021484
1 0.868254 0.024414 0.023810 0.027344
