1 0.059896 0.070370 0.012500 0.020370
0 0.110937 0.139815 0.008333 0.033333
1 0.166667 0.449074 0.009375 0.007407
0 0.274740 0.787037 0.010937 0.031481
0 0.336458 0.568519 0.059375 0.009259
2 0.435937 0.580556 0.118750 0.062963
1 0.387500 0.037037 0.009375 0.012963
1 0.445573 0.645370 0.006771 0.022222
2 0.547917 0.534259 0.103125 0.059259
2 0.551562 0.793519 0.093750 0.144444
2 0.617448 0.548148 0.066146 0.172222
2 0.621875 0.409259 0.069792 0.072222
0 0.745833 0.565741 0.013542 0.040741
0 0.775521 0.590741 0.008333 0.038889
2 0.851823 0.946296 0.030729 0.064815
