0 0.073016 0.606445 0.061905 0.058594
2 0.096825 0.567383 0.068254 0.054688
1 0.124603 0.089844 0.015873 0.021484
0 0.158730 0.798828 0.011111 0.048828
2 0.452381 0.474609 0.573016 0.451172
1 0.177778 0.866211 0.011111 0.011719
2 0.224603 0.883789 0.073016 0.093750
0 0.387302 0.948242 0.026984 0.019531
0 0.461111 0.631836 0.085714 0.191406
0 0.546032 0.301758 0.119048 0.058594
0 0.595238 0.714844 0.036508 0.037109
2 0.689683 0.767578 0.092063 0.185547
1 0.699206 0.168945 0.012698 0.019531
0 0.916667 0.532227 0.028571 0.011719
0 0.957937 0.555664 0.025397 0.023438
1 0.980159 0.234375 0.012698 0.017578
