2 0.070635 0.359375 0.114286 0.255859
2 0.118254 0.801758 0.085714 0.101562
2 0.127778 0.297852 0.066667 0.144531
0 0.163492 0.453125 0.055556 0.017578
2 0.369048 0.549805 0.377778 0.339844
2 0.280952 0.739258 0.068254 0.125000
2 0.308730 0.200195 0.092063 0.113281
0 0.362698 0.332520 0.142857 0.047852
2 0.327778 0.835938 0.053968 0.048828
1 0.311111 0.492188 0.007937 0.033203
0 0.446032 0.225586 0.052381 0.042969
1 0.497619 0.879883 0.012698 0.011719
0 0.619841 0.049805 0.028571 0.039062
1 0.686508 0.382812 0.009524 0.013672
0 0.833333 0.282227 0.077778 0.042969
1 0.816667 0.512695 0.012698 0.011719
0 0.860317 0.839844 0.020635 0.044922
0 0.961905 0.417969 0.033333 0.041016
1 0.983333 0.057617 0.009524 0.015625
