1 0.050000 0.309259 0.015625 0.005556
0 0.076042 0.421296 0.036458 0.040741
1 0.180208 0.462037 0.005208 0.011111
0 0.240625 0.813889 0.021875 0.011111
0 0.294792 0.600000 0.007292 0.027778
2 0.319792 0.264815 0.046875 0.046296
2 0.390625 0.415741 0.069792 0.037037
0 0.565104 0.177315 0.025000 0.050926
2 0.668750 0.575000 0.032292 0.066667
1 0.703646 0.400000 0.027083 0.009259
0 0.804948 0.970370 0.021354 0.005556
1 0.824479 0.066667 0.014583 0.012963
1 0.823438 0.969444 0.006250 0.025926
2 0.841146 0.241667 0.039583 0.018519
2 0.940104 0.669444 0.064583 0.066667
2 0.940625 0.405556 0.038542 0.075926
1 0.992708 0.759259 0.007292 0.005556
