0 0.091270 0.526367 0.034921 0.050781
0 0.123413 0.738281 0.042063 0.021484
0 0.173810 0.268066 0.050794 0.032227
1 0.258730 0.914062 0.014286 0.013672
2 0.382540 0.774414 0.195238 0.332031
0 0.395238 0.917480 0.039683 0.041992
0 0.398413 0.470703 0.039683 0.025391
2 0.637302 0.314453 0.419048 0.216797
1 0.452381 0.241211 0.023810 0.050781
1 0.574603 0.437500 0.014286 0.017578
1 0.659524 0.528320 0.015873 0.089844
0 0.679365 0.741699 0.039683 0.034180
0 0.700000 0.178711 0.049206 0.019531
2 0.868254 0.801758 0.039683 0.085938
1 0.915873 0.535156 0.020635 0.029297
