0 0.049479 0.082407 0.012500 0.066667
0 0.159896 0.676852 0.012500 0.059259
0 0.249479 0.362963 0.058333 0.024074
0 0.244271 0.449074 0.031250 0.029630
0 0.306771 0.584259 0.035417 0.014815
2 0.390625 0.441667 0.153125 0.044444
2 0.506771 0.434259 0.277083 0.462963
0 0.613021 0.812963 0.060417 0.009259
2 0.613542 0.787963 0.048958 0.044444
2 0.669271 0.818519 0.091667 0.142593
2 0.680729 0.236111 0.058333 0.059259
1 0.744792 0.768519 0.032292 0.009259
1 0.745573 0.766667 0.013021 0.016667
2 0.847917 0.170370 0.086458 0.072222
0 0.969271 0.763889 0.020833 0.011111
