2 0.065104 0.350926 0.077083 0.085185
0 0.144792 0.529630 0.042708 0.027778
0 0.160938 0.328704 0.022917 0.007407
1 0.259375 0.583333 0.007292 0.009259
0 0.266146 0.035185 0.014583 0.012963
1 0.313021 0.961111 0.016667 0.005556
1 0.351562 0.511111 0.012500 0.012963
2 0.388542 0.517593 0.065625 0.055556
2 0.456771 0.812037 0.175000 0.229630
2 0.430729 0.396296 0.058333 0.090741
0 0.564063 0.066667 0.027083 0.012963
2 0.593490 0.036111 0.026562 0.033333
0 0.627604 0.153704 0.022917 0.046296
0 0.644271 0.120370 0.039583 0.012963
0 0.825260 0.265741 0.017188 0.096296
0 0.836458 0.952778 0.038542 0.018519
2 0.836979 0.495833 0.033333 0.069444
0 0.959896 0.722222 0.045833 0.031481
