0 0.142857 0.247070 0.065079 0.054688
1 0.278175 0.886719 0.008730 0.009766
1 0.311905 0.712891 0.025397 0.021484
2 0.342063 0.262695 0.066667 0.062500
2 0.415873 0.615234 0.131746 0.271484
2 0.501587 0.319336 0.293651 0.113281
1 0.426190 0.755859 0.066667 0.025391
0 0.430159 0.891602 0.046032 0.070312
2 0.520635 0.257812 0.014286 0.021484
2 0.548016 0.248047 0.042063 0.041016
2 0.591270 0.039062 0.092063 0.060547
2 0.780952 0.699219 0.134921 0.201172
2 0.873810 0.627930 0.120635 0.148438
0 0.830952 0.572266 0.009524 0.048828
0 0.851587 0.229492 0.047619 0.074219
0 0.844444 0.463867 0.026984 0.031250
0 0.862698 0.396484 0.038095 0.076172
