2 0.118254 0.720703 0.136508 0.193359
2 0.094444 0.834961 0.053968 0.109375
2 0.195238 0.738281 0.131746 0.287109
1 0.138889 0.633789 0.015873 0.035156
1 0.284921 0.156250 0.079365 0.025391
2 0.300000 0.306641 0.106349 0.111328
1 0.289683 0.410156 0.031746 0.083984
2 0.619048 0.291992 0.449206 0.253906
0 0.472222 0.550781 0.079365 0.056641
2 0.539683 0.786621 0.071429 0.057617
1 0.517460 0.539062 0.011111 0.017578
2 0.606349 0.479492 0.090476 0.058594
0 0.632540 0.923828 0.076190 0.037109
2 0.640476 0.432617 0.057143 0.089844
2 0.745238 0.641602 0.107937 0.277344
0 0.893651 0.162109 0.055556 0.048828
1 0.945238 0.640625 0.012698 0.076172
1 0.971429 0.351562 0.007937 0.013672
