2 0.130159 0.395508 0.166667 0.406250
0 0.103968 0.188477 0.041270 0.082031
1 0.190873 0.449219 0.011905 0.025391
2 0.344444 0.311523 0.195238 0.261719
0 0.256349 0.556641 0.019048 0.126953
1 0.276984 0.822266 0.009524 0.009766
0 0.302778 0.624023 0.038889 0.023438
0 0.447619 0.274414 0.023810 0.042969
1 0.481746 0.017578 0.015873 0.017578
0 0.520635 0.741211 0.058730 0.031250
1 0.506746 0.067871 0.015079 0.014648
2 0.540873 0.539062 0.054762 0.138672
2 0.607937 0.499023 0.134921 0.148438
0 0.564286 0.223633 0.038095 0.089844
0 0.588889 0.781250 0.014286 0.052734
0 0.626984 0.184570 0.030159 0.070312
1 0.655556 0.650391 0.004762 0.017578
0 0.840476 0.793945 0.022222 0.144531
1 0.873810 0.431641 0.069841 0.154297
1 0.879762 0.715820 0.056349 0.046875
