2 0.034896 0.653704 0.062500 0.216667
0 0.029167 0.978704 0.026042 0.011111
2 0.100521 0.259259 0.039583 0.042593
0 0.152865 0.129630 0.019271 0.009259
0 0.214062 0.891667 0.031250 0.029630
2 0.259375 0.879630 0.030208 0.038889
0 0.295833 0.104630 0.019792 0.037037
2 0.448958 0.359259 0.094792 0.050000
1 0.452083 0.189815 0.005208 0.011111
1 0.528125 0.233333 0.013542 0.005556
2 0.823438 0.653704 0.200000 0.264815
2 0.920312 0.328704 0.064583 0.048148
2 0.917188 0.282407 0.054167 0.048148
1 0.893490 0.980556 0.006771 0.007407
0 0.937500 0.409259 0.011458 0.005556
