2 0.134127 0.095703 0.044444 0.091797
0 0.130556 0.953125 0.034127 0.021484
0 0.257937 0.423828 0.044444 0.033203
0 0.306349 0.427734 0.055556 0.013672
2 0.381349 0.384766 0.169048 0.076172
2 0.344444 0.905273 0.074603 0.058594
2 0.390873 0.495117 0.138889 0.082031
2 0.403175 0.478516 0.017460 0.056641
1 0.428571 0.583984 0.014286 0.021484
2 0.491270 0.372070 0.101587 0.203125
2 0.484921 0.532227 0.060317 0.136719
0 0.586111 0.184570 0.088095 0.117188
0 0.723810 0.276367 0.084127 0.042969
2 0.838889 0.626465 0.114286 0.096680
2 0.859524 0.334961 0.085714 0.042969
2 0.874603 0.321289 0.090476 0.058594
0 0.935714 0.707031 0.015873 0.060547
