0 0.024740 0.057407 0.021354 0.005556
2 0.033073 0.509259 0.024479 0.053704
0 0.158333 0.920370 0.017708 0.009259
0 0.190104 0.526852 0.041667 0.051852
1 0.212500 0.202778 0.005208 0.018519
1 0.322656 0.324074 0.008854 0.005556
0 0.342708 0.143519 0.036458 0.014815
0 0.442708 0.457407 0.046875 0.020370
2 0.485938 0.088889 0.108333 0.057407
2 0.520052 0.452778 0.039062 0.070370
2 0.607292 0.432407 0.140625 0.074074
0 0.582812 0.157407 0.029167 0.009259
0 0.632812 0.252778 0.010417 0.055556
0 0.765104 0.389815 0.006250 0.033333
