2 0.049206 0.642578 0.046032 0.029297
2 0.099206 0.387695 0.066667 0.191406
0 0.169841 0.857422 0.084127 0.044922
0 0.118254 0.879883 0.028571 0.035156
2 0.331746 0.959961 0.030159 0.023438
2 0.445238 0.662109 0.079365 0.146484
1 0.462698 0.958984 0.019048 0.021484
0 0.603968 0.770508 0.022222 0.031250
2 0.664683 0.246094 0.134127 0.150391
2 0.657937 0.583008 0.041270 0.027344
0 0.690476 0.148438 0.049206 0.060547
2 0.766667 0.849609 0.185714 0.134766
1 0.692857 0.649414 0.025397 0.023438
0 0.719048 0.731445 0.039683 0.042969
2 0.720635 0.145508 0.036508 0.015625
2 0.815873 0.264648 0.030159 0.066406
1 0.892063 0.110352 0.011111 0.011719
1 0.958730 0.063965 0.030159 0.018555
