0 0.056349 0.843750 0.066667 0.076172
2 0.115079 0.836914 0.063492 0.183594
2 0.199206 0.593750 0.063492 0.181641
2 0.280159 0.597656 0.050794 0.076172
1 0.283333 0.331055 0.025397 0.042969
2 0.302381 0.515625 0.057143 0.021484
2 0.446032 0.476562 0.061905 0.146484
1 0.679365 0.435547 0.233333 0.193359
1 0.596825 0.356445 0.020635 0.023438
2 0.657937 0.728516 0.079365 0.083984
1 0.707143 0.275391 0.031746 0.048828
0 0.724603 0.883789 0.057143 0.015625
2 0.830159 0.945312 0.080952 0.025391
0 0.902381 0.223633 0.085714 0.046875
0 0.889683 0.261719 0.012698 0.068359
