0 0.025000 0.120370 0.028125 0.024074
0 0.040104 0.183333 0.010417 0.009259
2 0.432292 0.706481 0.771875 0.466667
2 0.310417 0.869444 0.069792 0.077778
2 0.298698 0.459259 0.026562 0.057407
2 0.342969 0.827778 0.029687 0.064815
0 0.485156 0.095370 0.024479 0.014815
1 0.494531 0.450000 0.015104 0.005556
1 0.596354 0.953704 0.014583 0.012963
2 0.675000 0.534259 0.076042 0.118519
2 0.738802 0.201852 0.045312 0.024074
1 0.759375 0.702778 0.028125 0.011111
2 0.878646 0.815741 0.062500 0.218519
0 0.899479 0.388426 0.033333 0.013889
