1 0.030952 0.952148 0.006349 0.023438
0 0.065873 0.245117 0.022222 0.039062
0 0.247619 0.579102 0.068254 0.046875
0 0.259921 0.706543 0.057937 0.041992
1 0.246032 0.808594 0.020635 0.017578
2 0.275397 0.524414 0.057143 0.074219
0 0.261905 0.894531 0.030159 0.056641
0 0.473016 0.839844 0.087302 0.056641
0 0.549206 0.632812 0.033333 0.056641
2 0.642857 0.669922 0.188889 0.474609
2 0.804762 0.437500 0.033333 0.064453
1 0.863889 0.050781 0.045238 0.060547
1 0.859524 0.055664 0.009524 0.019531
0 0.902381 0.480469 0.082540 0.052734
0 0.961905 0.937500 0.046032 0.060547
