1 0.034921 0.857422 0.020635 0.025391
0 0.082540 0.731445 0.033333 0.160156
0 0.277381 0.975586 0.038889 0.015625
0 0.301587 0.323242 0.049206 0.097656
2 0.450794 0.748047 0.303175 0.263672
2 0.362698 0.567383 0.117460 0.289062
2 0.413889 0.927734 0.076984 0.095703
2 0.436508 0.520508 0.100000 0.058594
1 0.468254 0.051758 0.030159 0.015625
0 0.486508 0.090820 0.022222 0.042969
0 0.593651 0.852539 0.109524 0.066406
0 0.591667 0.647461 0.015079 0.023438
2 0.628571 0.194336 0.052381 0.085938
0 0.620635 0.300781 0.014286 0.083984
2 0.722222 0.493164 0.074603 0.187500
2 0.770635 0.740234 0.028571 0.087891
1 0.793651 0.918457 0.011111 0.008789
1 0.880952 0.656250 0.011111 0.029297
1 0.930159 0.669922 0.017460 0.025391
