1 0.020635 0.123047 0.014286 0.029297
1 0.025794 0.838867 0.019841 0.070312
0 0.096032 0.149414 0.063492 0.167969
1 0.138889 0.225586 0.019048 0.027344
1 0.165079 0.508789 0.030159 0.027344
2 0.242857 0.676758 0.058730 0.222656
0 0.250794 0.038086 0.023810 0.050781
1 0.409127 0.314453 0.029365 0.037109
1 0.419841 0.479492 0.015873 0.027344
0 0.439286 0.958984 0.019841 0.013672
2 0.476984 0.284180 0.053968 0.035156
1 0.531746 0.442383 0.017460 0.011719
1 0.566667 0.933594 0.030159 0.033203
2 0.662698 0.130859 0.069841 0.107422
2 0.822222 0.378906 0.230159 0.205078
0 0.737302 0.074219 0.031746 0.021484
1 0.788889 0.798828 0.007937 0.060547
0 0.863492 0.557617 0.077778 0.066406
