2 0.129365 0.790039 0.126984 0.179688
2 0.238889 0.314453 0.206349 0.142578
1 0.185714 0.958984 0.011111 0.044922
2 0.366667 0.258789 0.312698 0.281250
0 0.522222 0.383301 0.077778 0.024414
2 0.564286 0.784180 0.047619 0.039062
2 0.626984 0.531250 0.163492 0.150391
0 0.590476 0.539062 0.042857 0.111328
1 0.630159 0.694336 0.017460 0.019531
2 0.653968 0.885742 0.061905 0.125000
2 0.692857 0.344727 0.126984 0.261719
2 0.749206 0.540039 0.160317 0.109375
0 0.745238 0.289062 0.031746 0.041016
2 0.832540 0.313477 0.057143 0.042969
