0 0.069841 0.721680 0.030159 0.066406
2 0.177381 0.592773 0.023016 0.027344
0 0.189683 0.083984 0.022222 0.048828
0 0.268254 0.592773 0.163492 0.054688
0 0.210714 0.191406 0.032540 0.013672
2 0.339683 0.395508 0.268254 0.097656
2 0.281746 0.696289 0.063492 0.445312
0 0.303175 0.255859 0.049206 0.115234
0 0.400000 0.412109 0.052381 0.056641
0 0.468254 0.082520 0.044444 0.024414
0 0.498413 0.319336 0.071429 0.031250
0 0.612698 0.863281 0.103175 0.103516
2 0.667857 0.187500 0.043651 0.064453
2 0.684127 0.771484 0.042857 0.068359
0 0.821032 0.926758 0.037302 0.039062
0 0.841667 0.608398 0.027778 0.027344
