0 0.027778 0.881836 0.019048 0.042969
1 0.146032 0.210938 0.011111 0.009766
0 0.220635 0.198242 0.017460 0.031250
2 0.334921 0.245117 0.074603 0.054688
2 0.348413 0.275391 0.101587 0.052734
0 0.346032 0.193359 0.033333 0.021484
2 0.374603 0.433594 0.046032 0.212891
0 0.442857 0.261719 0.023810 0.060547
1 0.624603 0.828125 0.012698 0.013672
2 0.650794 0.303711 0.049206 0.136719
0 0.694444 0.765625 0.041270 0.037109
0 0.695238 0.210938 0.039683 0.037109
1 0.691270 0.945312 0.025397 0.021484
2 0.815873 0.567383 0.100000 0.109375
2 0.876190 0.867188 0.179365 0.130859
1 0.872222 0.075195 0.019048 0.019531
2 0.882540 0.393555 0.023810 0.113281
2 0.944444 0.791992 0.049206 0.152344
