1 0.020635 0.690430 0.014286 0.015625
1 0.100000 0.599609 0.020635 0.021484
1 0.126587 0.609375 0.026190 0.044922
2 0.157937 0.589355 0.041270 0.069336
2 0.203175 0.785156 0.106349 0.107422
2 0.206349 0.605469 0.042857 0.056641
1 0.207937 0.283203 0.023810 0.025391
2 0.349206 0.483398 0.125397 0.066406
1 0.332540 0.356445 0.041270 0.015625
0 0.365079 0.584961 0.036508 0.066406
0 0.385714 0.793945 0.020635 0.035156
2 0.469048 0.644531 0.057143 0.087891
1 0.505159 0.592773 0.021429 0.007812
2 0.638095 0.518555 0.179365 0.421875
0 0.636508 0.159180 0.100000 0.089844
2 0.612302 0.166992 0.030952 0.042969
2 0.660317 0.751953 0.049206 0.091797
2 0.671429 0.687500 0.039683 0.087891
