0 0.015365 0.819907 0.008854 0.013889
2 0.427083 0.429630 0.798958 0.483333
0 0.105208 0.134259 0.065625 0.011111
2 0.150521 0.332407 0.085417 0.296296
0 0.141146 0.163889 0.037500 0.018519
0 0.189062 0.666667 0.008333 0.012963
2 0.279687 0.928704 0.056250 0.055556
2 0.347135 0.825926 0.021354 0.046296
2 0.401042 0.332407 0.040625 0.037037
0 0.536198 0.160185 0.004687 0.022222
2 0.717187 0.676852 0.118750 0.062963
1 0.718229 0.876852 0.008333 0.007407
2 0.809896 0.365741 0.025000 0.066667
0 0.821875 0.061111 0.017708 0.050000
