0 0.043750 0.780556 0.026042 0.051852
0 0.039583 0.391667 0.011458 0.059259
0 0.052083 0.600926 0.028125 0.055556
2 0.491667 0.350926 0.796875 0.481481
1 0.450781 0.132407 0.006771 0.011111
0 0.473177 0.122222 0.024479 0.005556
0 0.682292 0.396296 0.015625 0.009259
2 0.748437 0.278704 0.056250 0.055556
0 0.784375 0.569444 0.009375 0.025926
0 0.842187 0.674074 0.029167 0.005556
2 0.870313 0.906481 0.045833 0.044444
1 0.874219 0.383333 0.009896 0.009259
2 0.882812 0.211111 0.018750 0.042593
1 0.898958 0.171296 0.021875 0.007407
1 0.989583 0.124074 0.007292 0.012963
