0 0.027083 0.185185 0.009375 0.027778
2 0.077604 0.336111 0.083333 0.048148
0 0.058594 0.824074 0.019271 0.105556
0 0.220312 0.278704 0.035417 0.022222
0 0.378125 0.764815 0.026042 0.053704
0 0.504167 0.819444 0.065625 0.011111
2 0.563021 0.545370 0.035417 0.137037
2 0.622917 0.631481 0.032292 0.042593
2 0.620052 0.540741 0.014063 0.038889
0 0.635417 0.521296 0.017708 0.044444
0 0.660417 0.812963 0.013542 0.012963
0 0.782031 0.498148 0.006771 0.050000
2 0.903646 0.263889 0.089583 0.025926
0 0.876563 0.490741 0.014583 0.009259
