0 0.111905 0.931641 0.066667 0.021484
0 0.139683 0.675781 0.071429 0.169922
2 0.248413 0.093750 0.107937 0.076172
0 0.237302 0.721680 0.050794 0.128906
1 0.229365 0.792969 0.009524 0.021484
1 0.253968 0.184570 0.007937 0.023438
1 0.325397 0.100586 0.014286 0.023438
1 0.326190 0.472656 0.009524 0.013672
2 0.541270 0.735352 0.150794 0.132812
2 0.779762 0.101562 0.054762 0.076172
1 0.816270 0.041992 0.015079 0.019531
0 0.887302 0.758789 0.119048 0.050781
0 0.898413 0.232422 0.055556 0.052734
2 0.909524 0.625977 0.058730 0.187500
1 0.938095 0.562500 0.007937 0.013672
