0 0.100794 0.178711 0.031746 0.042969
2 0.166667 0.723633 0.134921 0.230469
2 0.206349 0.870117 0.087302 0.242188
0 0.194444 0.416992 0.031746 0.031250
1 0.311111 0.052734 0.014286 0.021484
1 0.366270 0.401367 0.073810 0.113281
2 0.406349 0.092773 0.026984 0.101562
2 0.480159 0.207031 0.168254 0.103516
2 0.551587 0.247070 0.225397 0.230469
0 0.511111 0.844727 0.036508 0.023438
2 0.507937 0.941406 0.026984 0.060547
2 0.723810 0.193359 0.077778 0.103516
2 0.788889 0.734375 0.141270 0.033203
0 0.858730 0.427734 0.033333 0.021484
0 0.888889 0.268555 0.058730 0.078125
0 0.915476 0.709961 0.053175 0.078125
0 0.954762 0.516602 0.057143 0.070312
