1 0.100000 0.307129 0.068254 0.047852
2 0.169048 0.316406 0.057143 0.103516
2 0.253968 0.618164 0.115873 0.437500
2 0.247619 0.812500 0.042857 0.044922
0 0.301190 0.069336 0.026190 0.039062
2 0.515079 0.263672 0.400000 0.228516
2 0.413889 0.738281 0.102381 0.107422
0 0.388889 0.046875 0.036508 0.048828
0 0.601190 0.334961 0.026190 0.015625
1 0.745238 0.654785 0.019048 0.008789
2 0.803968 0.586914 0.123810 0.074219
1 0.784921 0.120117 0.031746 0.031250
0 0.832540 0.470703 0.057143 0.029297
2 0.863492 0.433594 0.065079 0.263672
