1 0.167460 0.409180 0.022222 0.015625
0 0.262698 0.752930 0.069841 0.054688
0 0.261905 0.329102 0.039683 0.031250
1 0.290476 0.245117 0.011111 0.011719
2 0.516667 0.226562 0.273016 0.275391
1 0.477381 0.809570 0.007143 0.019531
1 0.598810 0.270508 0.030952 0.078125
0 0.655556 0.643555 0.068254 0.117188
0 0.716667 0.348633 0.034921 0.027344
0 0.759524 0.628906 0.057143 0.060547
1 0.776984 0.204102 0.028571 0.042969
1 0.804762 0.179199 0.026984 0.006836
1 0.816667 0.346680 0.012698 0.011719
0 0.855556 0.336914 0.033333 0.109375
