0 0.185714 0.795410 0.115873 0.059570
0 0.197619 0.099609 0.019048 0.021484
1 0.239286 0.150391 0.010317 0.009766
0 0.262302 0.138184 0.030952 0.034180
2 0.392857 0.416992 0.079365 0.101562
1 0.391270 0.828613 0.019048 0.008789
2 0.487302 0.089844 0.065079 0.044922
0 0.545238 0.038086 0.060317 0.039062
1 0.561111 0.560547 0.038095 0.060547
2 0.605556 0.319336 0.034921 0.125000
1 0.619048 0.826172 0.014286 0.017578
2 0.669841 0.120117 0.058730 0.113281
0 0.770635 0.694336 0.022222 0.019531
0 0.880159 0.206055 0.117460 0.035156
0 0.845635 0.719727 0.026190 0.035156
0 0.907143 0.388672 0.066667 0.033203
