0 0.046032 0.954590 0.042857 0.014648
1 0.112302 0.562500 0.045238 0.013672
1 0.179762 0.286133 0.024603 0.066406
2 0.239683 0.455078 0.084127 0.099609
0 0.322222 0.087891 0.052381 0.021484
2 0.375794 0.161133 0.054762 0.113281
0 0.392063 0.809570 0.055556 0.062500
0 0.523016 0.133789 0.028571 0.062500
2 0.573016 0.822266 0.128571 0.095703
2 0.562698 0.639648 0.076190 0.183594
2 0.575397 0.322266 0.095238 0.048828
0 0.578571 0.687988 0.038095 0.024414
2 0.638095 0.254883 0.112698 0.152344
2 0.677778 0.511719 0.084127 0.056641
2 0.857143 0.091797 0.182540 0.099609
0 0.793651 0.138672 0.020635 0.033203
0 0.858730 0.135742 0.011111 0.011719
