0 0.073958 0.423148 0.023958 0.022222
2 0.182292 0.562963 0.026042 0.068519
2 0.278125 0.697222 0.069792 0.037037
1 0.265365 0.839815 0.025521 0.007407
0 0.283333 0.728704 0.017708 0.055556
2 0.518750 0.341667 0.267708 0.259259
2 0.546354 0.264815 0.047917 0.031481
2 0.555208 0.154630 0.038542 0.055556
1 0.676562 0.555556 0.006250 0.009259
0 0.713542 0.255556 0.034375 0.009259
0 0.721354 0.390741 0.039583 0.050000
0 0.738542 0.627315 0.026042 0.006481
2 0.852083 0.267593 0.215625 0.362963
2 0.804688 0.355556 0.058333 0.061111
2 0.875000 0.387963 0.071875 0.074074
1 0.891146 0.609259 0.008333 0.009259
