1 0.087302 0.796875 0.017460 0.033203
2 0.226190 0.638672 0.028571 0.130859
0 0.265079 0.187500 0.046032 0.080078
2 0.376190 0.583984 0.084127 0.181641
2 0.409524 0.283203 0.106349 0.154297
1 0.373016 0.946289 0.004762 0.015625
0 0.401190 0.716797 0.013492 0.029297
0 0.477778 0.529297 0.065079 0.111328
2 0.548413 0.211914 0.149206 0.121094
2 0.590476 0.656250 0.033333 0.076172
1 0.618254 0.370117 0.038095 0.039062
1 0.872222 0.398438 0.069841 0.033203
2 0.909524 0.854492 0.128571 0.050781
0 0.953175 0.541992 0.034921 0.085938
