0 0.025521 0.337963 0.031250 0.037037
2 0.033854 0.760185 0.022917 0.040741
1 0.036198 0.636111 0.013021 0.003704
1 0.111979 0.959259 0.008333 0.012963
1 0.139583 0.082407 0.005208 0.022222
2 0.201042 0.337963 0.038542 0.066667
2 0.229687 0.033333 0.087500 0.050000
2 0.236458 0.697222 0.065625 0.059259
2 0.299740 0.686111 0.057813 0.159259
0 0.309896 0.035185 0.018750 0.005556
2 0.345313 0.843519 0.033333 0.081481
2 0.376042 0.660185 0.061458 0.122222
2 0.493229 0.672222 0.075000 0.083333
2 0.574479 0.952778 0.070833 0.077778
0 0.606250 0.381481 0.053125 0.038889
2 0.613281 0.405556 0.013021 0.020370
0 0.875521 0.534259 0.014583 0.037037
