1 0.035714 0.601562 0.012698 0.025391
2 0.083333 0.448242 0.047619 0.070312
0 0.120635 0.821289 0.055556 0.019531
2 0.238095 0.819336 0.068254 0.109375
2 0.284127 0.414062 0.119048 0.189453
0 0.333333 0.697266 0.100000 0.173828
2 0.361905 0.630859 0.039683 0.083984
0 0.472222 0.383789 0.095238 0.101562
2 0.711111 0.144531 0.061905 0.076172
1 0.722222 0.419922 0.007937 0.013672
0 0.818254 0.786133 0.031746 0.039062
2 0.872222 0.375977 0.107937 0.046875
1 0.864286 0.235352 0.019048 0.023438
0 0.907143 0.653320 0.047619 0.031250
1 0.896825 0.622070 0.020635 0.019531
1 0.959524 0.621094 0.015873 0.021484
