2 0.148438 0.078704 0.077083 0.059259
0 0.185938 0.304630 0.027083 0.014815
1 0.239844 0.499074 0.014063 0.003704
0 0.259375 0.804630 0.021875 0.007407
0 0.321875 0.818056 0.011458 0.017593
2 0.406771 0.221296 0.154167 0.203704
0 0.336458 0.988426 0.007292 0.010185
2 0.427604 0.678704 0.077083 0.125926
2 0.478646 0.704630 0.037500 0.051852
0 0.488802 0.625000 0.043229 0.048148
1 0.555469 0.892593 0.011979 0.009259
2 0.615625 0.730556 0.069792 0.059259
2 0.641927 0.543519 0.021354 0.044444
2 0.695312 0.667593 0.072917 0.118519
2 0.783854 0.062037 0.037500 0.051852
0 0.876563 0.641667 0.027083 0.014815
