0 0.049206 0.671875 0.074603 0.041016
0 0.083333 0.046875 0.044444 0.048828
2 0.346825 0.769531 0.047619 0.048828
1 0.333333 0.236328 0.014286 0.013672
2 0.436111 0.344727 0.184921 0.082031
2 0.423016 0.413086 0.123810 0.183594
0 0.436508 0.708984 0.052381 0.064453
2 0.630952 0.363281 0.298413 0.173828
0 0.530159 0.621582 0.055556 0.047852
2 0.617460 0.867676 0.093651 0.067383
1 0.621429 0.464844 0.015873 0.029297
2 0.733333 0.610352 0.125397 0.246094
2 0.769444 0.460938 0.081746 0.076172
1 0.784127 0.288086 0.014286 0.007812
2 0.856349 0.895508 0.034921 0.070312
0 0.911111 0.744141 0.074603 0.126953
2 0.935714 0.308594 0.095238 0.126953
0 0.918254 0.091797 0.044444 0.060547
