2 0.084375 0.833333 0.130208 0.038889
0 0.073438 0.491667 0.010417 0.025926
1 0.079167 0.082407 0.009375 0.018519
0 0.225000 0.110185 0.028125 0.007407
0 0.259375 0.670370 0.013542 0.038889
1 0.295052 0.401852 0.007812 0.005556
1 0.308073 0.363889 0.010937 0.007407
0 0.413542 0.793056 0.030208 0.012037
0 0.484375 0.541667 0.069792 0.011111
1 0.510677 0.181481 0.016146 0.005556
0 0.627604 0.244444 0.039583 0.016667
2 0.779167 0.400000 0.067708 0.135185
2 0.820312 0.792593 0.054167 0.046296
0 0.822396 0.934259 0.027083 0.055556
1 0.844271 0.053704 0.004167 0.012963
2 0.904167 0.512963 0.057292 0.109259
1 0.880729 0.768519 0.004167 0.020370
2 0.930208 0.456481 0.030208 0.088889
