1 0.073016 0.769531 0.014286 0.060547
0 0.134524 0.140625 0.076984 0.134766
0 0.172222 0.400391 0.041270 0.095703
2 0.246032 0.894531 0.087302 0.185547
2 0.323810 0.301758 0.046032 0.121094
2 0.415079 0.751953 0.069841 0.072266
1 0.401587 0.225586 0.025397 0.054688
1 0.447619 0.357422 0.014286 0.013672
1 0.530952 0.673828 0.053968 0.017578
0 0.545238 0.523438 0.041270 0.103516
0 0.546825 0.305664 0.031746 0.117188
2 0.667460 0.244141 0.146032 0.068359
0 0.632540 0.108398 0.066667 0.054688
0 0.743651 0.854492 0.117460 0.140625
0 0.800000 0.630859 0.026984 0.044922
2 0.922619 0.610352 0.103968 0.179688
0 0.935714 0.668945 0.044444 0.011719
