0 0.208730 0.690918 0.025397 0.018555
0 0.284127 0.238281 0.020635 0.025391
2 0.361905 0.417969 0.166667 0.208984
0 0.388889 0.373047 0.049206 0.033203
1 0.456349 0.698242 0.025397 0.042969
2 0.506349 0.713867 0.026984 0.046875
2 0.632937 0.367188 0.096032 0.052734
0 0.616667 0.327148 0.041270 0.035156
0 0.612698 0.500000 0.014286 0.025391
2 0.677778 0.279297 0.119048 0.267578
2 0.793651 0.409180 0.093651 0.066406
0 0.772222 0.131836 0.041270 0.078125
1 0.770635 0.166016 0.022222 0.029297
1 0.774603 0.648438 0.014286 0.017578
2 0.903968 0.710938 0.101587 0.068359
0 0.908730 0.525391 0.038095 0.037109
