1 0.134127 0.550781 0.022222 0.029297
1 0.196429 0.129883 0.013492 0.023438
2 0.290476 0.638672 0.115873 0.275391
0 0.312698 0.198242 0.153968 0.093750
1 0.248413 0.529297 0.019048 0.037109
2 0.276984 0.423828 0.057143 0.056641
0 0.283730 0.131836 0.010317 0.015625
2 0.518254 0.695312 0.288889 0.216797
2 0.465079 0.785156 0.061905 0.130859
0 0.505556 0.641602 0.015873 0.035156
2 0.688889 0.647461 0.176190 0.191406
1 0.626587 0.622070 0.035714 0.089844
0 0.722222 0.918945 0.058730 0.023438
2 0.723016 0.154297 0.025397 0.115234
1 0.917460 0.765625 0.007937 0.013672
1 0.969444 0.836914 0.005556 0.031250
