2 0.180159 0.649414 0.047619 0.062500
0 0.203175 0.351562 0.023810 0.029297
1 0.201984 0.603516 0.010317 0.021484
1 0.220635 0.571289 0.020635 0.035156
2 0.388095 0.688477 0.193651 0.144531
0 0.328571 0.054688 0.020635 0.080078
2 0.376984 0.301758 0.038095 0.070312
0 0.446429 0.220703 0.081746 0.044922
1 0.425397 0.104492 0.014286 0.023438
1 0.621429 0.397461 0.088889 0.164062
0 0.649206 0.123047 0.023810 0.021484
0 0.668254 0.626953 0.039683 0.033203
1 0.811905 0.583984 0.234921 0.205078
0 0.764286 0.571289 0.015873 0.019531
