1 0.105208 0.669444 0.005208 0.018519
0 0.163542 0.716667 0.030208 0.016667
0 0.317969 0.437963 0.008854 0.059259
2 0.380469 0.435185 0.036979 0.020370
2 0.496875 0.652778 0.098958 0.074074
2 0.586979 0.674074 0.029167 0.087037
0 0.614062 0.212500 0.022917 0.006481
2 0.632292 0.241667 0.061458 0.055556
2 0.621094 0.926852 0.034896 0.062963
2 0.719271 0.524074 0.079167 0.064815
2 0.808333 0.722222 0.101042 0.083333
0 0.773958 0.090741 0.017708 0.050000
0 0.857292 0.255556 0.036458 0.046296
0 0.938542 0.731481 0.009375 0.061111
