0 0.117448 0.757407 0.018229 0.101852
2 0.167187 0.099074 0.041667 0.044444
2 0.178125 0.518519 0.057292 0.157407
2 0.193750 0.209259 0.034375 0.131481
2 0.282813 0.900000 0.056250 0.194444
1 0.287760 0.121296 0.009896 0.007407
1 0.377083 0.475926 0.011458 0.031481
0 0.459896 0.895370 0.029167 0.033333
2 0.573958 0.718519 0.026042 0.053704
2 0.626042 0.089815 0.105208 0.055556
2 0.714063 0.687037 0.081250 0.068519
2 0.722917 0.631481 0.086458 0.050000
2 0.842708 0.608333 0.061458 0.122222
2 0.899479 0.573148 0.018750 0.044444
