2 0.038021 0.662963 0.062500 0.064815
1 0.038021 0.154630 0.004167 0.018519
2 0.069271 0.484259 0.060417 0.062963
0 0.219271 0.841204 0.022917 0.023148
0 0.312500 0.774074 0.026042 0.012963
2 0.327604 0.387037 0.052083 0.053704
0 0.316146 0.026852 0.018750 0.037037
1 0.479167 0.664815 0.005208 0.020370
0 0.511979 0.912963 0.035417 0.031481
1 0.520052 0.412037 0.009896 0.007407
2 0.559896 0.659259 0.079167 0.116667
0 0.630469 0.900000 0.064062 0.027778
1 0.682552 0.240741 0.018229 0.005556
2 0.729688 0.462037 0.062500 0.092593
1 0.749219 0.152778 0.016146 0.022222
2 0.773177 0.347222 0.025521 0.033333
0 0.938021 0.385185 0.012500 0.012963
