0 0.044444 0.558594 0.017460 0.048828
2 0.244444 0.518555 0.147619 0.156250
2 0.211905 0.136719 0.047619 0.076172
0 0.284921 0.772461 0.088889 0.089844
0 0.297619 0.453125 0.053968 0.052734
2 0.347619 0.664062 0.055556 0.138672
2 0.407937 0.670898 0.049206 0.128906
2 0.421429 0.449219 0.060317 0.154297
2 0.480952 0.493652 0.141270 0.159180
2 0.521429 0.759766 0.044444 0.103516
2 0.673016 0.927734 0.052381 0.091797
2 0.692857 0.360352 0.076190 0.113281
1 0.857143 0.546387 0.084127 0.030273
2 0.900794 0.285156 0.161905 0.130859
