2 0.135417 0.231481 0.121875 0.064815
0 0.192188 0.925000 0.079167 0.014815
1 0.159375 0.675000 0.009375 0.018519
1 0.171875 0.768519 0.032292 0.009259
0 0.287500 0.053704 0.013542 0.012963
0 0.335938 0.814815 0.041667 0.027778
2 0.467708 0.254630 0.228125 0.222222
2 0.486979 0.572222 0.020833 0.064815
2 0.616667 0.347222 0.211458 0.355556
1 0.654427 0.145370 0.011979 0.007407
0 0.713542 0.878704 0.028125 0.011111
0 0.726562 0.653704 0.014583 0.087037
0 0.735938 0.241667 0.016667 0.048148
2 0.774479 0.346296 0.047917 0.094444
0 0.767188 0.642593 0.018750 0.009259
2 0.927604 0.141667 0.114583 0.033333
0 0.952083 0.648148 0.007292 0.027778
