2 0.057937 0.363281 0.038095 0.099609
1 0.096825 0.209961 0.017460 0.039062
0 0.161905 0.425781 0.042857 0.029297
2 0.214286 0.717773 0.122222 0.054688
2 0.257937 0.853516 0.038095 0.107422
1 0.338095 0.315430 0.023810 0.027344
0 0.473810 0.270508 0.038095 0.062500
0 0.494841 0.914062 0.045238 0.025391
0 0.488492 0.182617 0.016667 0.066406
0 0.500000 0.204102 0.020635 0.066406
1 0.681746 0.521484 0.044444 0.041016
2 0.809524 0.406250 0.125397 0.130859
0 0.944444 0.379883 0.052381 0.054688
1 0.935714 0.106445 0.031746 0.023438
