2 0.044271 0.363889 0.045833 0.044444
0 0.098437 0.428704 0.025000 0.022222
0 0.233333 0.753704 0.026042 0.050000
0 0.257292 0.183333 0.032292 0.016667
0 0.307292 0.787037 0.040625 0.016667
2 0.355729 0.674074 0.108333 0.031481
2 0.494010 0.343519 0.079687 0.040741
1 0.496875 0.641667 0.021875 0.007407
2 0.592187 0.373148 0.039583 0.148148
1 0.687760 0.042593 0.009896 0.012963
0 0.728646 0.748148 0.008333 0.046296
0 0.783854 0.536111 0.027083 0.014815
0 0.894792 0.753704 0.007292 0.027778
0 0.937500 0.818519 0.028125 0.057407
0 0.942708 0.963889 0.021875 0.040741
