2 0.042063 0.721680 0.069841 0.066406
2 0.114683 0.287109 0.194444 0.130859
1 0.192063 0.580078 0.087302 0.119141
2 0.155556 0.522461 0.074603 0.066406
1 0.160317 0.205078 0.020635 0.025391
1 0.265079 0.978516 0.033333 0.029297
0 0.274603 0.171875 0.017460 0.013672
0 0.347619 0.509766 0.055556 0.033203
0 0.393651 0.211914 0.042857 0.031250
2 0.409524 0.166016 0.061905 0.099609
1 0.410317 0.834961 0.015873 0.019531
2 0.421429 0.811523 0.034921 0.011719
0 0.435714 0.837891 0.038095 0.013672
1 0.516667 0.949219 0.025397 0.021484
2 0.542063 0.327148 0.038095 0.117188
1 0.551984 0.731445 0.046825 0.019531
2 0.817460 0.245117 0.300000 0.316406
1 0.832540 0.394043 0.022222 0.010742
