2 0.071429 0.581055 0.096825 0.066406
2 0.145238 0.541016 0.073016 0.056641
2 0.138889 0.855469 0.041270 0.037109
1 0.134921 0.504883 0.014286 0.011719
0 0.240476 0.661133 0.047619 0.144531
0 0.276984 0.720703 0.057143 0.056641
1 0.330556 0.873047 0.016667 0.037109
2 0.427778 0.682617 0.126984 0.089844
2 0.456349 0.855469 0.073016 0.115234
2 0.546429 0.292969 0.080159 0.111328
1 0.580952 0.407227 0.009524 0.019531
0 0.672619 0.523438 0.013492 0.041016
2 0.713492 0.073242 0.050794 0.105469
2 0.805556 0.356445 0.101587 0.105469
0 0.879365 0.031250 0.065079 0.041016
1 0.897619 0.465332 0.034921 0.040039
1 0.945238 0.818359 0.019048 0.013672
