1 0.118651 0.576172 0.013492 0.017578
1 0.292857 0.735352 0.009524 0.019531
0 0.335714 0.107422 0.019048 0.048828
2 0.439683 0.287109 0.217460 0.126953
1 0.428571 0.045898 0.011111 0.019531
1 0.498413 0.826172 0.039683 0.048828
0 0.508730 0.515625 0.047619 0.052734
2 0.586508 0.381836 0.092063 0.167969
2 0.584921 0.416992 0.053968 0.105469
2 0.647619 0.297852 0.071429 0.144531
0 0.672222 0.664062 0.034921 0.068359
0 0.700397 0.382812 0.032540 0.052734
2 0.783333 0.497070 0.161905 0.136719
0 0.731746 0.736328 0.049206 0.056641
2 0.798810 0.315430 0.070635 0.054688
2 0.836508 0.479492 0.065079 0.050781
