2 0.042063 0.542969 0.050794 0.087891
2 0.068254 0.511719 0.077778 0.115234
0 0.133333 0.054688 0.030159 0.044922
2 0.242063 0.803711 0.092063 0.128906
2 0.303968 0.308594 0.047619 0.044922
0 0.328175 0.503906 0.062698 0.150391
2 0.337302 0.487305 0.079365 0.039062
0 0.334127 0.335938 0.009524 0.021484
2 0.584921 0.712891 0.400000 0.267578
0 0.489286 0.424805 0.030952 0.031250
1 0.538889 0.373047 0.015873 0.048828
0 0.650000 0.523438 0.057143 0.076172
1 0.639683 0.087891 0.023810 0.052734
2 0.871429 0.242188 0.036508 0.099609
0 0.911905 0.083008 0.019048 0.027344
