1 0.104762 0.694336 0.020635 0.031250
2 0.184921 0.470703 0.060317 0.205078
2 0.338095 0.096680 0.042857 0.070312
2 0.354762 0.069336 0.060317 0.023438
0 0.376984 0.657227 0.085714 0.152344
0 0.402381 0.899414 0.015873 0.019531
0 0.475794 0.245117 0.115079 0.023438
0 0.467460 0.304688 0.012698 0.060547
0 0.517857 0.663086 0.027778 0.070312
2 0.703175 0.505859 0.338095 0.486328
1 0.584921 0.763672 0.006349 0.029297
1 0.572222 0.630859 0.019048 0.025391
2 0.584921 0.269531 0.038095 0.056641
0 0.604762 0.287109 0.033333 0.095703
0 0.664286 0.030273 0.028571 0.042969
1 0.768254 0.452148 0.020635 0.019531
2 0.801190 0.593750 0.027778 0.068359
0 0.903968 0.383789 0.076190 0.050781
