2 0.105952 0.473633 0.100794 0.035156
0 0.140476 0.270508 0.022222 0.023438
1 0.311111 0.709961 0.112698 0.125000
2 0.312698 0.776367 0.103175 0.070312
2 0.330556 0.166992 0.021429 0.042969
2 0.373810 0.611328 0.034921 0.048828
2 0.455556 0.413086 0.042857 0.015625
0 0.634921 0.290039 0.020635 0.031250
0 0.684921 0.463867 0.041270 0.042969
0 0.711111 0.416016 0.030159 0.013672
0 0.723810 0.560547 0.030159 0.162109
2 0.781746 0.583984 0.063492 0.205078
1 0.872619 0.736328 0.051587 0.029297
0 0.869048 0.060547 0.041270 0.033203
0 0.969048 0.487305 0.031746 0.039062
1 0.980159 0.532227 0.009524 0.015625
