0 0.023438 0.297222 0.020833 0.037037
0 0.046875 0.883796 0.030208 0.034259
2 0.057031 0.791667 0.039062 0.107407
0 0.116667 0.237037 0.028125 0.035185
1 0.138542 0.481481 0.009375 0.009259
1 0.145833 0.812963 0.015625 0.005556
2 0.196875 0.428704 0.078125 0.129630
2 0.211979 0.825926 0.039583 0.109259
1 0.231250 0.625926 0.013542 0.020370
2 0.247917 0.395370 0.026042 0.070370
2 0.338021 0.308333 0.064583 0.107407
0 0.438802 0.904630 0.025521 0.033333
0 0.459375 0.562963 0.019792 0.009259
2 0.522396 0.596296 0.064583 0.050000
2 0.775000 0.750000 0.046875 0.046296
2 0.845313 0.148148 0.079167 0.046296
