2 0.315079 0.262695 0.422222 0.273438
0 0.115873 0.277344 0.020635 0.056641
1 0.151587 0.816406 0.006349 0.017578
0 0.265873 0.429688 0.060317 0.041016
1 0.258730 0.682617 0.023810 0.035156
2 0.361905 0.064453 0.084127 0.072266
0 0.351587 0.225586 0.015873 0.027344
0 0.534921 0.065430 0.100000 0.097656
2 0.579365 0.325195 0.125397 0.066406
0 0.656349 0.600586 0.050794 0.082031
0 0.716667 0.884766 0.022222 0.033203
1 0.773810 0.125977 0.088889 0.121094
0 0.793651 0.933594 0.052381 0.025391
0 0.795238 0.121094 0.017460 0.029297
2 0.815079 0.178711 0.038095 0.113281
2 0.833333 0.409180 0.068254 0.039062
1 0.811905 0.775391 0.009524 0.017578
0 0.955556 0.267578 0.061905 0.068359
0 0.973016 0.592773 0.049206 0.015625
