2 0.097656 0.943519 0.034896 0.077778
2 0.131250 0.110185 0.069792 0.070370
1 0.106510 0.189815 0.018229 0.007407
0 0.154688 0.071759 0.022917 0.006481
0 0.266667 0.628704 0.009375 0.048148
2 0.298958 0.654630 0.059375 0.100000
2 0.329948 0.107407 0.061979 0.168519
2 0.392708 0.723148 0.030208 0.088889
0 0.465625 0.029630 0.017708 0.042593
0 0.544792 0.807407 0.040625 0.016667
0 0.552604 0.287037 0.020833 0.009259
2 0.613021 0.197222 0.056250 0.111111
2 0.771354 0.772222 0.031250 0.075926
2 0.965625 0.274074 0.042708 0.090741
