2 0.133854 0.047222 0.020833 0.055556
2 0.198958 0.601852 0.032292 0.042593
2 0.234896 0.472222 0.047917 0.072222
2 0.250000 0.758333 0.019792 0.044444
2 0.317708 0.542593 0.051042 0.046296
2 0.427865 0.880556 0.056771 0.029630
2 0.583333 0.429630 0.048958 0.053704
0 0.581771 0.473148 0.008333 0.033333
0 0.616146 0.974074 0.022917 0.012963
0 0.651823 0.942593 0.013021 0.005556
1 0.711458 0.990741 0.009375 0.009259
0 0.738542 0.173148 0.023958 0.011111
0 0.829167 0.239815 0.011458 0.066667
2 0.905208 0.762037 0.021875 0.051852
2 0.975000 0.788889 0.040625 0.109259
