0 0.061905 0.563477 0.046032 0.085938
0 0.147619 0.605469 0.090476 0.048828
2 0.273810 0.738281 0.111111 0.384766
2 0.380952 0.765625 0.141270 0.263672
2 0.695238 0.406250 0.347619 0.408203
2 0.595238 0.314453 0.122222 0.095703
1 0.573016 0.031250 0.074603 0.041016
0 0.585714 0.319336 0.065079 0.078125
2 0.572222 0.184570 0.019048 0.066406
1 0.577778 0.715820 0.020635 0.023438
0 0.630952 0.325195 0.019048 0.035156
0 0.696032 0.870117 0.031746 0.027344
0 0.708730 0.023438 0.022222 0.025391
2 0.798413 0.529297 0.058730 0.154297
1 0.828175 0.964355 0.043651 0.030273
0 0.860317 0.794922 0.080952 0.033203
0 0.962698 0.687500 0.025397 0.033203
