1 0.009524 0.738281 0.011111 0.017578
2 0.071429 0.562500 0.084127 0.041016
0 0.082540 0.136719 0.033333 0.052734
2 0.105952 0.373047 0.072222 0.091797
1 0.115873 0.430664 0.030159 0.027344
0 0.158730 0.251953 0.071429 0.056641
1 0.311111 0.650391 0.007937 0.013672
0 0.538095 0.097656 0.026984 0.025391
0 0.611905 0.337891 0.022222 0.087891
2 0.626190 0.514648 0.038095 0.109375
0 0.708730 0.136719 0.044444 0.037109
0 0.786508 0.911133 0.076190 0.039062
0 0.812698 0.610840 0.052381 0.014648
1 0.856349 0.762695 0.047619 0.007812
1 0.962698 0.502930 0.012698 0.015625
