1 0.015873 0.362305 0.007937 0.023438
0 0.063889 0.473633 0.056349 0.035156
0 0.122222 0.669922 0.036508 0.091797
1 0.242857 0.296875 0.122222 0.130859
2 0.298413 0.346680 0.036508 0.093750
2 0.362698 0.713867 0.028571 0.132812
0 0.386508 0.578125 0.073016 0.095703
1 0.396825 0.971680 0.011111 0.031250
2 0.581746 0.922852 0.041270 0.093750
1 0.606349 0.149414 0.026984 0.011719
2 0.762698 0.216797 0.215873 0.146484
2 0.767460 0.144531 0.107937 0.208984
0 0.793651 0.920898 0.046032 0.035156
1 0.862698 0.753906 0.009524 0.009766
0 0.886508 0.776367 0.038095 0.152344
0 0.896032 0.874023 0.038095 0.031250
1 0.936905 0.595703 0.029365 0.068359
