1 0.031746 0.687500 0.030159 0.025391
1 0.033333 0.099609 0.014286 0.021484
1 0.033333 0.727539 0.011111 0.019531
1 0.119048 0.539062 0.014286 0.013672
2 0.188889 0.375977 0.068254 0.117188
2 0.180159 0.338379 0.028571 0.024414
1 0.227778 0.872070 0.009524 0.019531
2 0.290476 0.304688 0.065079 0.068359
0 0.376984 0.798828 0.082540 0.091797
0 0.462302 0.285156 0.037302 0.041016
0 0.539683 0.253906 0.026984 0.044922
1 0.589683 0.371094 0.012698 0.009766
1 0.623413 0.493164 0.054762 0.058594
1 0.623016 0.627930 0.009524 0.015625
2 0.780952 0.348633 0.233333 0.164062
1 0.720635 0.177734 0.046032 0.017578
2 0.860317 0.805664 0.134921 0.175781
2 0.900000 0.245117 0.087302 0.113281
