2 0.088542 0.766667 0.026042 0.075926
2 0.232292 0.637037 0.061458 0.031481
0 0.242708 0.563889 0.015625 0.029630
1 0.266406 0.354630 0.006771 0.022222
1 0.332292 0.948148 0.007292 0.005556
1 0.364844 0.341667 0.005729 0.018519
0 0.539062 0.333333 0.037500 0.024074
0 0.580208 0.861111 0.007292 0.027778
0 0.657552 0.507407 0.019271 0.109259
2 0.673958 0.608333 0.032292 0.077778
2 0.764062 0.505556 0.083333 0.127778
0 0.780469 0.614815 0.011979 0.005556
2 0.829427 0.375000 0.061979 0.033333
2 0.840625 0.842593 0.053125 0.105556
0 0.931250 0.539815 0.015625 0.014815
1 0.951042 0.786111 0.005208 0.022222
